{"model":{"version":3,"nodes":[{"name":"RootNode","position":[0,0,0],"rotation":[0,0,0],"scale":[0.01,0.01,0.01],"scaleCompensation":false},{"name":"chibi","position":[0,165,0],"rotation":[2.50448e-06,-0,0],"scale":[75.2663,75.2663,75.2663],"scaleCompensation":false},{"name":"credencial","position":[0.00369114,-0.116308,0.274591],"rotation":[-9.88637,2.10516,0.225606],"scale":[0.082433,0.0613514,0.0613514],"scaleCompensation":false},{"name":"mixamorig:Hips","position":[0,129.608,0.591047],"rotation":[0,0,0],"scale":[1,1,1],"scaleCompensation":false},{"name":"mixamorig:Spine","position":[0,12.7388,-0.0396219],"rotation":[-0.178307,0.000673046,-0.0213051],"scale":[1,1,1],"scaleCompensation":false},{"name":"mixamorig:Spine1","position":[0,14.8621,0],"rotation":[0,0,0],"scale":[1,1,1],"scaleCompensation":false},{"name":"mixamorig:Spine2","position":[0,16.9852,0],"rotation":[0,0,0],"scale":[1,1,1],"scaleCompensation":false},{"name":"mixamorig:Neck","position":[0,19.1083,5.21538e-08],"rotation":[0.178208,-4.80431e-12,-2.60702e-11],"scale":[1,1,1],"scaleCompensation":false},{"name":"mixamorig:Head","position":[0,13.6431,-7.70787],"rotation":[0,0,0],"scale":[1,1,1],"scaleCompensation":false},{"name":"mixamorig:HeadTop_End","position":[0,38.3768,-21.6815],"rotation":[0,0,0],"scale":[1,1,1],"scaleCompensation":false},{"name":"mixamorig:LeftShoulder","position":[7.57689,17.0988,-0.00620759],"rotation":[105.226,90.0446,1.13773],"scale":[1,1,1],"scaleCompensation":false},{"name":"mixamorig:LeftArm","position":[1.11022e-16,15.9451,0],"rotation":[-14.0841,0.0453527,0.0346772],"scale":[1,1,1],"scaleCompensation":false},{"name":"mixamorig:LeftForeArm","position":[0,37.2135,0],"rotation":[-1.23468e-05,-0.0123815,1.46399e-05],"scale":[1,1,1],"scaleCompensation":false},{"name":"mixamorig:LeftHand","position":[0,31.2845,0],"rotation":[0.0199393,-0.339483,-1.33889e-05],"scale":[1,1,1],"scaleCompensation":false},{"name":"mixamorig:LeftHandThumb1","position":[-2.03632,3.43554,1.05113],"rotation":[26.9007,-2.0805,41.0228],"scale":[1,1,1],"scaleCompensation":false},{"name":"mixamorig:LeftHandThumb2","position":[0.628659,3.24339,0],"rotation":[-0.0342374,0.22295,-19.7126],"scale":[1,1,1],"scaleCompensation":false},{"name":"mixamorig:LeftHandThumb3","position":[-0.405553,2.63761,0],"rotation":[-0.0755484,0.8236,3.49861],"scale":[1,1,1],"scaleCompensation":false},{"name":"mixamorig:LeftHandThumb4","position":[-0.223106,2.43119,2.84217e-14],"rotation":[0,0,0],"scale":[1,1,1],"scaleCompensation":false},{"name":"mixamorig:LeftHandIndex1","position":[4.44089e-16,12.6478,-0.00444807],"rotation":[-0.0177033,-0.188713,-0.690139],"scale":[1,1,1],"scaleCompensation":false},{"name":"mixamorig:LeftHandIndex2","position":[-0.0311356,2.58171,0],"rotation":[0.000354053,-0.0380878,0.118246],"scale":[1,1,1],"scaleCompensation":false},{"name":"mixamorig:LeftHandIndex3","position":[-0.0237333,2.37425,0],"rotation":[-0.00258532,-0.0882805,2.24107],"scale":[1,1,1],"scaleCompensation":false},{"name":"mixamorig:LeftHandIndex4","position":[0.0548689,1.88404,0],"rotation":[0,0,0],"scale":[1,1,1],"scaleCompensation":false},{"name":"mixamorig:RightShoulder","position":[-7.57689,17.0988,-0.006293],"rotation":[105.231,-90.0452,-1.13115],"scale":[1,1,1],"scaleCompensation":false},{"name":"mixamorig:RightArm","position":[0,15.9451,0],"rotation":[-14.0841,-0.0238111,-0.0406687],"scale":[1,1,1],"scaleCompensation":false},{"name":"mixamorig:RightForeArm","position":[0,37.2133,5.68434e-14],"rotation":[1.97823e-05,0.00319994,-4.62656e-05],"scale":[1,1,1],"scaleCompensation":false},{"name":"mixamorig:RightHand","position":[-1.11022e-16,31.2843,5.68434e-14],"rotation":[0.0109739,-0.269865,-5.52274e-05],"scale":[1,1,1],"scaleCompensation":false},{"name":"mixamorig:RightHandThumb1","position":[2.10969,3.32453,1.15458],"rotation":[26.7404,1.06732,-40.6813],"scale":[1,1,1],"scaleCompensation":false},{"name":"mixamorig:RightHandThumb2","position":[-0.569594,3.23278,0],"rotation":[-0.0210433,-0.31734,13.7904],"scale":[1,1,1],"scaleCompensation":false},{"name":"mixamorig:RightHandThumb3","position":[0.18206,2.74327,0],"rotation":[0.16715,0.992287,5.76335],"scale":[1,1,1],"scaleCompensation":false},{"name":"mixamorig:RightHandThumb4","position":[0.387534,2.30093,0],"rotation":[0,0,0],"scale":[1,1,1],"scaleCompensation":false},{"name":"mixamorig:RightHandIndex1","position":[-1.11022e-16,12.5491,-0.00238807],"rotation":[-0.00971298,0.14906,0.481825],"scale":[1,1,1],"scaleCompensation":false},{"name":"mixamorig:RightHandIndex2","position":[0.0221192,2.6276,-2.84217e-14],"rotation":[0.000155392,0.0172513,-0.0112804],"scale":[1,1,1],"scaleCompensation":false},{"name":"mixamorig:RightHandIndex3","position":[0.0200321,2.4349,-2.84217e-14],"rotation":[-0.000413579,0.0205195,-1.53982],"scale":[1,1,1],"scaleCompensation":false},{"name":"mixamorig:RightHandIndex4","position":[-0.0421513,2.26108,-2.84217e-14],"rotation":[0,0,0],"scale":[1,1,1],"scaleCompensation":false},{"name":"mixamorig:LeftUpLeg","position":[12.5808,-7.07871,0.0110551],"rotation":[-0.203113,0.164415,-179.752],"scale":[1,1,1],"scaleCompensation":false},{"name":"mixamorig:LeftLeg","position":[-3.55271e-15,58.0431,0],"rotation":[-3.26084,-0.016587,-0.582157],"scale":[1,1,1],"scaleCompensation":false},{"name":"mixamorig:LeftFoot","position":[0,51.6549,0],"rotation":[54.6681,-10.2417,2.48899],"scale":[1,1,1],"scaleCompensation":false},{"name":"mixamorig:LeftToeBase","position":[0,18.4655,1.77636e-15],"rotation":[37.1033,0.431038,9.65368e-07],"scale":[1,1,1],"scaleCompensation":false},{"name":"mixamorig:LeftToe_End","position":[3.55271e-15,6.80349,0],"rotation":[0,0,0],"scale":[1,1,1],"scaleCompensation":false},{"name":"mixamorig:RightUpLeg","position":[-12.5808,-7.07871,0.127784],"rotation":[-0.377376,-0.159401,179.71],"scale":[1,1,1],"scaleCompensation":false},{"name":"mixamorig:RightLeg","position":[3.55271e-15,58.034,8.88178e-16],"rotation":[-3.02007,0.0153218,0.581308],"scale":[1,1,1],"scaleCompensation":false},{"name":"mixamorig:RightFoot","position":[0,51.6519,0],"rotation":[54.1021,10.4249,-2.47359],"scale":[1,1,1],"scaleCompensation":false},{"name":"mixamorig:RightToeBase","position":[0,18.2669,0],"rotation":[37.5924,-0.603699,4.50774e-06],"scale":[1,1,1],"scaleCompensation":false},{"name":"mixamorig:RightToe_End","position":[3.55271e-15,6.74447,1.11022e-16],"rotation":[0,0,0],"scale":[1,1,1],"scaleCompensation":false}],"parents":[-1,0,1,0,3,4,5,6,7,8,6,10,11,12,13,14,15,16,13,18,19,20,6,22,23,24,25,26,27,28,25,30,31,32,3,34,35,36,37,3,39,40,41,42],"skins":[{"inverseBindMatrices":[[1,-0,-0,0,-0,0.999995,0.00311031,0,0,-0.00311031,0.999995,0,-0,-157.206,-0.994164,1],[1,-0,-0,0,-0,0.999995,0.00311031,0,0,-0.00311031,0.999995,0,-0,-174.191,-0.994164,1],[1,-0,-0,0,-0,0.999995,0.00311031,0,0,-0.00311031,0.999995,0,-0,-142.344,-0.994163,1],[1,-0,0,0,0,1,-0,0,0,0,1,0,-0,-129.608,-0.591047,1],[-0.998561,0.0536357,-6.20164e-17,0,-0.0535437,-0.996847,-0.0585534,0,-0.00314055,-0.0584692,0.998284,0,19.1252,121.503,6.57342,1],[-0.99856,-0.0536441,-1.04083e-17,0,0.0535605,-0.997004,-0.0558073,0,0.00299373,-0.0557269,0.998442,0,-19.1275,121.527,6.12029,1],[-0.000792014,0.968893,-0.24748,0,-0.00312239,-0.247482,-0.968888,0,-0.999995,5.35875e-06,0.00322127,0,0.996268,40.0001,187.215,1],[-0.999044,0.0436861,-0.00129236,0,-0.0436302,-0.998626,-0.0290368,0,-0.00255909,-0.0289527,0.999578,0,18.4933,63.8135,4.68851,1],[-0.983859,0.16469,0.0699948,0,-0.0480378,-0.619861,0.78324,0,0.172379,0.767235,0.617767,0,19.0284,8.44382,-8.85661,1],[-0.984357,0.169107,-0.0494306,0,-0.0539287,-0.0221076,0.9983,0,0.167727,0.98535,0.0308815,0,19.0945,-13.2491,-0.90356,1],[-0.00371011,0.998818,-0.0484554,0,-0.00237701,-0.0484644,-0.998822,0,-0.99999,-0.00359056,0.00255401,0,0.923815,-13.9177,188.24,1],[1,-0,0,0,0,1,-0,0,0,0,1,0,-0,-193.302,-0.392937,1],[1,-0,0,0,0,1,-0,0,0,0,1,0,-0,-206.945,7.31493,1],[0.00354389,0.999933,0.0109816,0,-0.00272892,0.0109913,-0.999936,0,-0.99999,0.00351369,0.00276769,0,0.552451,-62.2317,184.869,1],[0.00512209,0.984966,0.17267,0,-0.00851325,0.172709,-0.984936,0,-0.999951,0.00357494,0.0092699,0,1.4833,-122.208,167.287,1],[0.662931,0.748354,-0.0221098,0,0.109248,-0.125909,-0.986008,0,-0.740667,0.65124,-0.165225,0,-81.4634,-49.3479,185.369,1],[-0.0298199,0.998936,0.0351928,0,-0.0146342,0.0347683,-0.999288,0,-0.999448,-0.0303137,0.0135819,0,6.26598,-110.351,184.278,1],[-0.0298199,0.99924,-0.0250904,0,-0.0146342,-0.0255354,-0.999567,0,-0.999448,-0.0294398,0.0153846,0,6.29711,-101.618,190.751,1],[0.662931,0.72924,-0.169505,0,0.109248,-0.318205,-0.941706,0,-0.740667,0.605768,-0.290616,0,-82.0921,-14.9368,192.105,1],[0.662931,0.744155,-0.0821944,0,0.109248,-0.204761,-0.972696,0,-0.740667,0.63585,-0.21704,0,-81.6865,-40.1395,188.685,1],[-0.0298199,0.990394,0.135021,0,-0.0146342,0.134634,-0.990787,0,-0.999448,-0.0315211,0.0104789,0,6.32085,-133.157,171.667,1],[-0.999044,-0.0436887,0.00126322,0,0.0436388,-0.998684,-0.0269546,0,0.00243916,-0.0268737,0.999636,0,-18.4949,63.8305,4.27726,1],[-0.983282,-0.166482,-0.0737563,0,0.0477433,-0.626604,0.777874,0,-0.175718,0.761348,0.624077,0,-18.961,8.1824,-9.06643,1],[-0.984005,-0.170587,0.0513306,0,0.0559366,-0.0223024,0.998185,0,-0.169133,0.98509,0.0314877,0,-19.0555,-13.3993,-0.873359,1],[-0.000803096,-0.968893,0.247481,0,0.00312247,-0.247482,-0.968888,0,0.999995,-5.35823e-06,0.00322409,0,-0.996283,40.0002,187.215,1],[-0.00195272,-0.998823,0.0484593,0,0.00282883,-0.0484648,-0.998821,0,0.999994,-0.00181333,0.00292014,0,-0.96774,-13.9185,188.24,1],[-7.783e-05,-0.99994,-0.0109915,0,0.0029198,0.0109912,-0.999935,0,0.999996,-0.000109918,0.00291876,0,-0.871759,-62.2311,184.868,1],[0.00577853,-0.984496,-0.175312,0,-0.00234514,0.175301,-0.984512,0,0.999981,0.00610017,-0.0012958,0,0.642654,-122.648,166.971,1],[-0.0182708,-0.999669,-0.0181255,0,0.00193752,0.0180931,-0.999834,0,0.999831,-0.0183029,0.0016063,0,-2.65989,-107.193,186.175,1],[0.673353,-0.738384,0.0372129,0,-0.120864,-0.159597,-0.979755,0,0.729375,0.655224,-0.196709,0,84.5411,-42.1307,185.591,1],[0.673353,-0.730769,0.112127,0,-0.120864,-0.258428,-0.95844,0,0.729375,0.631816,-0.262337,0,85.1107,-26.2502,189.242,1],[-0.0182708,-0.99967,0.0180649,0,0.00193752,-0.0181033,-0.999834,0,0.999831,-0.0182328,0.00226764,0,-2.68201,-103.011,190.027,1],[-0.0182708,-0.998558,-0.050474,0,0.00193752,0.0504469,-0.998725,0,0.999831,-0.0183453,0.00101302,0,-2.70205,-118.219,182.356,1],[0.673353,-0.705688,0.220452,0,-0.120864,-0.399243,-0.908844,0,0.729375,0.585328,-0.354124,0,84.9287,-0.284854,191.45,1]],"boneNames":["mixamorig:Spine1","mixamorig:Spine2","mixamorig:Spine","mixamorig:Hips","mixamorig:LeftUpLeg","mixamorig:RightUpLeg","mixamorig:LeftShoulder","mixamorig:LeftLeg","mixamorig:LeftFoot","mixamorig:LeftToeBase","mixamorig:LeftArm","mixamorig:Neck","mixamorig:Head","mixamorig:LeftForeArm","mixamorig:LeftHand","mixamorig:LeftHandThumb1","mixamorig:LeftHandIndex1","mixamorig:LeftHandIndex2","mixamorig:LeftHandThumb2","mixamorig:LeftHandThumb3","mixamorig:LeftHandIndex3","mixamorig:RightLeg","mixamorig:RightFoot","mixamorig:RightToeBase","mixamorig:RightShoulder","mixamorig:RightArm","mixamorig:RightForeArm","mixamorig:RightHand","mixamorig:RightHandIndex1","mixamorig:RightHandThumb1","mixamorig:RightHandThumb2","mixamorig:RightHandIndex2","mixamorig:RightHandIndex3","mixamorig:RightHandThumb3"]},{"inverseBindMatrices":[[1,-0,-0,0,-0,0.999995,0.00311031,0,0,-0.00311031,0.999995,0,-0,-157.206,-0.994164,1],[1,-0,-0,0,-0,0.999995,0.00311031,0,0,-0.00311031,0.999995,0,-0,-174.191,-0.994164,1],[1,-0,-0,0,-0,0.999995,0.00311031,0,0,-0.00311031,0.999995,0,-0,-142.344,-0.994163,1],[1,-0,0,0,0,1,-0,0,0,0,1,0,-0,-129.608,-0.591047,1],[1,-0,0,0,0,1,-0,0,0,0,1,0,-0,-193.302,-0.392937,1]],"boneNames":["mixamorig:Spine1","mixamorig:Spine2","mixamorig:Spine","mixamorig:Hips","mixamorig:Neck"]}],"morphs":[],"vertices":[{"position":{"type":"float32","components":3,"data":[5.20508,156.195,17.2149,0,166.565,16.5657,0,156.195,17.2149,6.70896,146.105,18.2901,5.68975,143.351,18.3709,6.97616,143.351,18.3507,0.00562007,127.638,18.3565,7.47351,120.255,16.5376,8.1204,127.638,18.2238,0.00562007,120.255,16.5376,4.16519,109.728,10.2767,14.3545,120.255,13.5981,17.9946,127.638,10.6373,13.7096,127.638,15.0944,12.4468,134.348,15.6347,12.7564,143.351,11.1316,10.2331,143.351,15.5222,9.68477,146.105,15.502,12.7312,156.195,9.78102,8.96814,156.195,14.2946,23.1455,123.122,-0.0104912,21.5421,127.638,-0.021296,16.1263,134.348,10.4567,15.2657,143.351,1.67573,13.3539,143.351,10.3441,12.6606,146.105,10.3239,14.8133,156.195,0.0409824,14.4599,120.255,-11.0488,13.205,127.638,-12.7008,11.95,134.348,-10.1226,14.5884,143.356,-1.44989,19.4022,134.348,-0.0321005,15.7977,143.351,0.0804762,7.46043,146.105,-2.48834,5.85132,156.195,-2.43441,10.3323,156.195,-1.19671,7.61242,166.565,-4.81024,13.0067,166.565,-2.42038,15.8281,166.565,9.1306,16.16,166.565,-0.0305219,12.4074,166.565,12.8482,0.00562003,146.105,18.5557,0.00562003,146.105,-5.07736,0,156.195,-3.3638,0,166.565,-5.8724,0.00562007,120.255,-15.0977,0.00562007,127.638,-15.6218,0.00562003,142.195,-7.66865,4.14067,143.398,-5.38217,8.25279,143.381,-3.62976,0.00562007,134.348,-13.0435,7.92892,134.348,18.6884,0.00562003,143.414,-6.80171,0.00562003,146.105,-5.07736,14.9152,146.105,0.10067,8.10161,166.565,16.5657,9.49948,143.351,15.9865,4.16519,109.728,10.2767,19.4747,120.255,10.5619,19.8834,110.588,10.2956,24.1719,117.333,0.102143,18.5728,113.032,-7.6487,11.9345,110.206,-10.9645,0.00562007,110.293,-9.62668,0.00562007,109.541,10.141,1.7406,105.281,-0.273144,24.4588,101.016,0.124246,18.3845,101.016,-7.99706,0.00562007,105.384,-0.34948,0.00562007,110.293,-9.62668,4.51634,106.53,-5.63345,18.5192,101.016,9.6571,12.5549,101.016,-12.2599,5.80611,101.016,10.2499,5.80468,101.016,-6.30417,18.7585,86.0551,-7.75539,22.6609,69.5761,-2.67148,19.7948,69.5761,-7.49033,5.36088,86.0551,-1.56371,10.93,69.5761,3.3367,7.93193,86.0551,6.95286,23.697,86.0551,-1.2091,19.8897,69.5761,2.98493,18.8744,86.0551,6.47499,10.93,69.5761,3.3367,13.6498,86.0551,-12.6668,10.9269,69.5761,-6.81867,7.95165,86.0551,-7.13045,15.6183,69.5761,-10.6836,7.93193,86.0551,6.95286,21.9439,86.0551,1.58426,2.44643,101.016,-0.31568,15.9438,65.2957,-9.51666,11.3774,65.2957,3.23053,19.5235,65.2957,2.91071,11.5152,65.2957,-6.00269,9.46343,65.2957,-2.46941,11.3774,65.2957,3.23053,22.133,65.2957,-2.23208,19.4372,65.2957,-6.61335,19.0513,62.238,-7.54732,15.9766,62.238,-10.1376,11.8604,62.238,1.23524,19.1282,62.238,0.949894,11.7683,62.238,-7.0025,11.8604,62.238,1.23524,22.001,62.238,-3.63842,10.1528,62.238,-3.85016,12.119,51.4801,-1.5407,20.6026,51.4801,-1.85814,23.7984,51.4801,-6.96251,20.5169,51.4801,-11.3111,16.1186,51.4801,-14.1927,12.119,51.4801,-1.5407,12.1774,51.4801,-10.705,17.0594,19.6608,-10.9877,15.3346,19.6608,-3.89428,19.635,19.6608,-4.08055,15.2325,19.6608,-9.27179,10.6176,51.4801,-7.19807,15.3346,19.6608,-3.89428,21.3348,19.6608,-7.07575,19.5895,19.6608,-9.62745,22.6825,14.812,-5.25671,20.7388,14.812,-8.19715,17.1809,14.812,-10.9122,14.4815,14.812,-1.01576,20.8058,14.812,-1.26406,14.3563,14.812,-8.18407,13.6854,14.812,-5.44097,14.4815,14.812,-1.01576,20.7418,11.2178,2.79526,14.549,11.2178,-7.57011,13.9201,11.2178,-3.37756,14.6708,11.2178,3.16221,22.8098,11.2178,-3.10526,20.6873,11.2178,-7.67107,17.1973,11.2178,-11.7398,22.2442,9.10752,-4.46021,17.3257,6.62573,-13.4973,14.6708,11.2178,3.16221,21.6007,6.62572,12.7777,14.065,6.62572,-5.95984,12.2656,6.62572,1.61906,13.9301,6.62572,13.441,23.8792,6.62572,1.65029,17.4739,3.06151,-10.8134,12.8076,3.06151,-2.67785,10.7045,3.06151,4.02685,12.8114,3.06151,18.3,24.9572,3.06151,3.95843,22.4937,3.06151,-2.657,21.579,6.62572,-6.05369,13.9301,6.62572,13.441,22.5212,3.06151,18.2287,17.3494,0.360018,-9.4183,12.7531,0.360017,16.0375,22.4307,0.360017,15.3113,12.7198,0.360018,-4.09017,12.7531,0.360017,16.0375,25.7326,0.360018,5.81637,13.997,8.78193,-4.74734,14.3242,19.6608,-7.21398,8.82487,69.5761,-2.93251,15.3299,174.164,12.0232,18.3681,174.164,7.59558,0,174.164,-8.54225,8.65595,174.164,-6.41793,16.1189,174.164,-3.64462,10.0978,180.303,-7.89803,23.209,179.831,-4.68242,9.51391,176.522,22.9125,8.13802,186.247,14.1094,0,180.724,-10.2879,20.5084,174.164,-0.0672032,23.209,180.372,5.96913,14.0091,184.54,10.8821,23.209,178.179,-0.00634907,0,191.179,9.94149,0,184.671,14.5239,8.71159,191.346,9.92981,23.209,184.744,-7.07228,10.8661,185.702,-9.75681,11.3784,190.925,-8.29634,23.209,190.453,-5.34627,0,191.744,-10.5534,23.209,193.744,0.230062,8.71159,196.73,3.68962,23.209,190.591,6.36744,0,196.73,-8.0308,11.3784,196.73,-5.3754,23.209,184.95,7.4296,6.49032,201.236,4.30858,4.26677,200.01,1.49644,11.3784,196.73,-5.3754,0,200.01,3.49635,3.73078,200.01,-4.58491,5.74772,200.01,-2.49839,3.86262,204.274,-4.2554,4.54224,205.506,-2.58962,2.71175,205.363,0.782363,0,204.774,3.14723,0,203.302,-6.53783,3.86262,204.274,-4.2554,11.5929,210.184,-7.08044,13.0351,214.848,2.78882,10.9792,210.157,4.1315,13.0351,214.848,2.78882,3.61552,214.848,9.69484,10.9792,210.157,4.1315,5.61855,206.318,-7.2455,11.5929,210.184,-7.08044,8.23444,206.68,-3.8064,10.9792,210.157,4.1315,4.97656,205.201,5.64378,0,206.318,-8.94743,8.57734,210.157,-14.2103,5.61855,206.318,-7.2455,4.97656,205.201,5.64378,0,212.372,9.89629,0,205.096,7.36643,0,210.157,-17.3405,8.50897,214.848,-22.2067,8.57734,210.157,-14.2103,14.3084,214.38,-9.33812,0,205.096,7.36643,14.3084,214.38,-9.33812,15.3487,222.405,1.07754,0,214.848,-24.7673,9.03099,222.405,-27.321,8.50897,214.848,-22.2067,19.3604,222.405,-13.6391,16.3138,230.149,0.427228,15.3487,222.405,1.07754,0,222.405,-31.0338,9.03099,230.149,-29.5581,9.03099,222.405,-27.321,20.4632,230.149,-16.1103,19.8888,237.377,-16.1103,17.0782,237.346,-0.118895,16.8882,244.89,-15.772,14.1248,244.89,-2.42102,9.03099,237.377,-31.4033,0,244.89,-29.76,8.22224,244.89,-25.5029,9.03099,237.377,-31.4033,9.42721,251,-13.3159,7.56045,251,-3.73596,0,251,-22.0811,6.01392,251,-19.2287,8.22224,244.89,-25.5029,0,253.621,-9.51597,0,253.621,-9.51597,6.01392,251,-19.2287,0,250.971,1.68334,7.56045,251,-3.73596,0,253.621,-9.51597,7.07576,222.405,8.87282,7.5349,230.149,8.94656,0,222.405,10.0079,0,237.377,9.48739,7.5349,237.377,8.30119,0,244.89,8.13422,7.5349,237.377,8.30119,6.4934,244.89,5.43411,14.1248,244.89,-2.42102,17.0782,237.346,-0.118895,16.3138,230.149,0.427228,15.3487,222.405,1.07754,16.3138,230.149,0.427228,0,218.349,10.1411,0,216.205,13.3778,53.1639,189.839,0.558024,53.1639,187.785,-3.81401,53.1639,182.68,4.32173,53.1639,185.047,5.37027,53.1639,182.68,4.32173,53.1639,184.705,-4.79821,53.1639,181.973,-2.85944,53.1639,189.839,0.558024,53.1639,188.04,4.66576,53.1639,181.146,0.100707,58.2288,184.93,-4.60855,62.3948,187.804,-3.26203,62.4248,184.902,-4.33474,58.2288,188.102,-3.45461,58.2288,181.281,0.115443,62.4496,182.506,-2.75686,62.4425,181.709,0.126301,58.2288,182.2,-3.01079,91.687,185.528,-2.30916,96.0843,182.912,-2.7006,91.687,183.764,-1.45066,91.687,183.958,2.37566,96.0843,182.73,0.091056,95.7385,183.76,3.71269,91.687,187.579,-1.68913,96.0843,190.053,0.232196,96.0843,188.364,-3.09692,91.687,187.629,2.51874,96.0843,185.54,4.53038,96.0843,188.435,3.89626,96.0843,185.434,-4.12737,91.687,183.17,0.22911,91.687,188.761,0.314036,91.687,185.602,2.9003,98.6858,184.335,-2.7006,98.8012,184.323,0.091056,104.634,187.998,-3.45449,99.2978,186.081,4.53038,104.634,188.029,3.9894,104.634,188.895,3.44419,104.634,189.306,-0.121829,104.634,189.067,-1.47495,100.627,185.398,-2.22776,100.292,183.712,5.68807,101.796,183.826,7.84073,101.807,183.036,7.84652,104.634,189.005,2.72792,104.634,189.078,2.25352,18.9018,215.567,-16.0104,21.5889,222.3,-17.6321,108.781,188.86,2.61706,111.11,188.539,3.11737,111.11,188.599,2.59211,109.49,188.492,-2.26342,109.49,188.545,-1.86254,109.49,187.662,-2.03016,108.781,187.227,0.744833,112.928,188.765,0.866204,112.928,187.548,0.860542,104.634,187.218,2.25067,104.634,187.27,2.72997,107.729,187.386,-2.10407,109.49,188.046,-2.86989,104.634,186.99,0.172492,104.634,189.379,0.293844,104.634,187.054,0.763087,107.729,187.365,-1.87396,109.49,187.649,-1.86478,104.634,188.978,-1.98289,104.634,187.163,-1.47203,104.634,187.218,-1.98617,100.476,185.524,3.23974,104.634,187.326,3.23974,111.11,188.067,3.51719,111.11,187.683,2.96744,112.928,188.642,1.94299,112.928,187.636,1.94093,111.713,188.651,-1.19749,111.713,187.503,-0.173189,111.713,187.584,-1.19529,108.781,187.455,3.10475,108.781,188.043,3.81908,108.842,187.201,-0.0928602,108.781,187.408,2.61901,111.11,187.653,2.59361,107.729,188.836,-1.87084,108.781,187.364,2.1623,111.713,188.785,-0.177282,108.842,189.109,-0.0980284,107.729,188.749,-2.42864,107.729,188.017,-3.27252,108.781,188.768,3.29957,108.781,188.921,2.16501,108.842,188.909,-1.38643,108.842,187.321,-1.38365,108.781,189.112,0.752262,104.634,189.306,0.770884,104.634,187.02,-0.116401,104.634,188.874,-2.56852,104.634,187.243,-2.22776,100.63,183.599,7.86506,100.63,182.615,7.85903,97.7566,183.516,5.7254,100.116,185.399,5.6858,98.0924,184.987,5.66891,98.9395,184.195,3.65847,100.833,185.446,0.172492,-5.20508,156.195,17.2149,-8.10161,166.565,16.5657,-5.67889,143.352,18.3709,-6.69772,146.105,18.2901,0.00562003,143.352,18.596,-7.46227,120.255,16.5376,-8.10916,127.638,18.2238,-4.15395,109.728,10.2767,-17.9833,127.638,10.6373,-14.3432,120.255,13.5981,-13.6983,127.638,15.0944,-9.67353,146.105,15.502,-12.7451,143.352,11.131,-10.2215,143.352,15.5221,-12.6493,146.105,10.3239,-12.7312,156.195,9.78102,-8.96814,156.195,14.2946,-23.1342,123.122,-0.0104912,-19.4634,120.255,10.5619,-15.2541,143.352,1.6742,-13.3421,143.352,10.3441,-14.904,146.105,0.10067,-14.8133,156.195,0.0409824,-21.5309,127.638,-0.021296,-14.4487,120.255,-11.0488,-11.9388,134.348,-10.1226,-19.391,134.348,-0.0321005,-14.5985,143.472,-1.34835,-15.7242,143.477,0.081902,-15.7856,143.353,0.0804964,-5.85132,156.195,-2.43441,-7.44919,146.105,-2.48834,-10.3323,156.195,-1.19671,-7.61242,166.565,-4.81024,-13.0067,166.565,-2.42038,-15.8281,166.565,9.1306,-12.4074,166.565,12.8482,-13.1937,127.638,-12.7008,-4.193,143.431,-5.32676,-8.21185,143.447,-3.58699,-16.1151,134.348,10.4567,-12.4356,134.348,15.6347,-7.91768,134.348,18.6884,0.00562007,134.348,18.8212,-6.9648,143.352,18.3507,-9.48835,143.352,15.9862,-4.15395,109.728,10.2767,-19.8722,110.588,10.2956,-24.1607,117.333,0.102143,-18.5615,113.032,-7.6487,-11.9233,110.206,-10.9645,-1.72936,105.281,-0.273144,-24.4475,101.016,0.124246,-4.50509,106.53,-5.63345,-18.5079,101.016,9.6571,-18.3733,101.016,-7.99706,-5.79487,101.016,10.2499,-5.79344,101.016,-6.30417,-18.7473,86.0551,-7.75539,-22.6609,69.5761,-2.67148,-23.6858,86.0551,-1.2091,-10.93,69.5761,3.3367,-5.34964,86.0551,-1.56371,-7.92069,86.0551,6.95286,-19.8897,69.5761,2.98493,-18.8632,86.0551,6.47499,-10.93,69.5761,3.3367,-7.92069,86.0551,6.95286,-10.9269,69.5761,-6.81867,-13.6385,86.0551,-12.6668,-7.94041,86.0551,-7.13045,-15.6183,69.5761,-10.6836,-12.5437,101.016,-12.2599,-5.79487,101.016,10.2499,-2.43519,101.016,-0.31568,-15.9438,65.2957,-9.51666,-19.7948,69.5761,-7.49033,-11.3774,65.2957,3.23053,-9.46343,65.2957,-2.46941,-8.82487,69.5761,-2.93251,-22.133,65.2957,-2.23208,-19.4372,65.2957,-6.61335,-19.0513,62.238,-7.54732,-19.5235,65.2957,2.91071,-11.8604,62.238,1.23524,-11.7683,62.238,-7.0025,-11.5152,65.2957,-6.00269,-11.8604,62.238,1.23524,-11.3774,65.2957,3.23053,-19.1282,62.238,0.949894,-22.001,62.238,-3.63842,-12.119,51.4801,-1.5407,-10.1528,62.238,-3.85016,-20.6026,51.4801,-1.85814,-23.7984,51.4801,-6.96251,-15.9766,62.238,-10.1376,-20.5169,51.4801,-11.3111,-12.119,51.4801,-1.5407,-12.1774,51.4801,-10.705,-17.0594,19.6608,-10.9877,-16.1186,51.4801,-14.1927,-15.3346,19.6608,-3.89428,-15.3346,19.6608,-3.89428,-10.6176,51.4801,-7.19807,-19.635,19.6608,-4.08055,-21.3348,19.6608,-7.07575,-22.6825,14.812,-5.25671,-20.7388,14.812,-8.19715,-19.5895,19.6608,-9.62745,-17.1809,14.812,-10.9122,-14.4815,14.812,-1.01576,-15.2325,19.6608,-9.27179,-13.6854,14.812,-5.44097,-14.3242,19.6608,-7.21398,-20.7418,11.2178,2.79526,-20.8058,14.812,-1.26406,-14.549,11.2178,-7.57011,-14.3563,14.812,-8.18407,-14.4815,14.812,-1.01576,-13.9201,11.2178,-3.37756,-22.8098,11.2178,-3.10526,-20.6873,11.2178,-7.67107,-21.579,6.62572,-6.05369,-22.2442,9.10752,-4.46021,-17.3257,6.62573,-13.4973,-17.1973,11.2178,-11.7398,-21.6007,6.62572,12.7777,-14.6708,11.2178,3.16221,-14.6708,11.2178,3.16221,-12.2656,6.62572,1.61906,-23.8792,6.62572,1.65029,-14.065,6.62572,-5.95984,-17.4739,3.06151,-10.8134,-13.9301,6.62572,13.441,-10.7045,3.06151,4.02685,-24.9572,3.06151,3.95843,-22.4937,3.06151,-2.657,-22.5212,3.06151,18.2287,-13.9301,6.62572,13.441,-17.3494,0.360018,-9.4183,-12.7531,0.360017,16.0375,-12.8114,3.06151,18.3,-12.8076,3.06151,-2.67785,-12.7531,0.360017,16.0375,-12.8114,3.06151,18.3,-22.4307,0.360017,15.3113,-13.997,8.78193,-4.74734,-15.3299,174.164,12.0232,-18.3681,174.164,7.59558,-16.16,166.565,-0.0305219,-8.65595,174.164,-6.41793,-16.1189,174.164,-3.64462,-10.0978,180.303,-7.89803,-9.51391,176.522,22.9125,-8.13802,186.247,14.1094,-23.209,180.372,5.96913,-20.5084,174.164,-0.0672032,-23.209,179.831,-4.68242,-14.0091,184.54,10.8821,-8.71159,191.346,9.92981,-23.209,184.744,-7.07228,-10.8661,185.702,-9.75681,-11.3784,190.925,-8.29634,0,186.831,-11.35,-23.209,193.744,0.230062,-23.209,190.591,6.36744,-8.71159,196.73,3.68962,-23.209,184.95,7.4296,-4.26677,200.01,1.49644,-6.49032,201.236,4.30858,-11.3784,196.73,-5.3754,-11.3784,196.73,-5.3754,-23.209,190.453,-5.34627,-3.73078,200.01,-4.58491,-5.74772,200.01,-2.49839,-3.86262,204.274,-4.2554,-3.73078,200.01,-4.58491,-2.71175,205.363,0.782363,0,200.01,-6.87233,-4.54224,205.506,-2.58962,-13.0351,214.848,2.78882,-11.5929,210.184,-7.08044,-10.9792,210.157,4.1315,-13.0351,214.848,2.78882,-10.9792,210.157,4.1315,-3.61552,214.848,9.69484,-5.61855,206.318,-7.2455,-8.23444,206.68,-3.8064,-4.97656,205.201,5.64378,-8.57734,210.157,-14.2103,-5.61855,206.318,-7.2455,-4.97656,205.201,5.64378,-8.50897,214.848,-22.2067,-14.3084,214.38,-9.33812,-8.57734,210.157,-14.2103,-3.86262,204.274,-4.2554,-15.3487,222.405,1.07754,-9.03099,222.405,-27.321,-19.3604,222.405,-13.6391,-8.50897,214.848,-22.2067,-16.3138,230.149,0.427228,-9.03099,230.149,-29.5581,-20.4632,230.149,-16.1103,-9.03099,222.405,-27.321,-19.8888,237.377,-16.1103,1.92353e-31,201.257,-37.4064,-9.03099,201.257,-35.4334,1.92353e-31,201.257,-39.3803,-9.03099,201.257,-33.4595,-17.0782,237.346,-0.118895,-16.8882,244.89,-15.772,-20.4632,201.257,-21.9855,-20.4632,201.257,-20.0116,-9.03099,237.377,-31.4033,-14.1248,244.89,-2.42102,-9.42721,251,-13.3159,-8.22224,244.89,-25.5029,-8.22224,244.89,-25.5029,-7.56045,251,-3.73596,-6.01392,251,-19.2287,-6.01392,251,-19.2287,-7.07576,222.405,8.87282,-7.5349,230.149,8.94656,0,230.149,10.0293,-7.5349,237.377,8.30119,-7.5349,237.377,8.30119,-6.4934,244.89,5.43411,-7.56045,251,-3.73596,-14.1248,244.89,-2.42102,-16.3138,230.149,0.427228,-17.0782,237.346,-0.118895,-15.3487,222.405,1.07754,-16.3138,230.149,0.427228,-53.1639,189.856,0.201818,-53.1639,182.46,4.0771,-53.1639,184.593,-4.744,-53.1639,187.914,-3.77486,-23.209,178.179,-0.00634907,-53.1639,182.011,-2.96552,-58.2288,189.931,0.273498,-62.3941,187.864,-3.23495,-62.3737,189.498,0.34318,-58.2288,188.102,-3.45461,-62.392,187.837,4.21965,-58.2288,185.044,5.08681,-58.2288,188.179,4.3767,-62.3904,185.023,4.84977,-91.687,185.528,-2.30916,-62.3941,187.864,-3.23495,-62.4244,184.934,-4.3503,-91.687,183.17,0.22911,-62.4495,182.516,-2.78751,-62.4425,181.709,0.126301,-62.3891,182.778,3.8551,-62.3904,185.023,4.84977,-58.2288,182.5,4.1104,-91.687,183.764,-1.45066,-58.2288,181.281,0.115443,-96.0843,182.912,-2.7006,-91.687,183.958,2.37566,-96.0843,182.73,0.091056,-91.687,187.579,-1.68913,-96.0843,190.053,0.232196,-91.687,188.761,0.314036,-91.687,187.629,2.51874,-96.0843,185.54,4.53038,-91.687,185.602,2.9003,-96.0843,188.364,-3.09692,-95.7385,183.76,3.71269,-98.6858,184.335,-2.7006,-98.8012,184.323,0.091056,-104.634,187.998,-3.45449,-96.0843,185.434,-4.12737,-104.634,188.895,3.44419,-104.634,188.029,3.9894,-99.2978,186.081,4.53038,-104.634,189.306,-0.121829,-104.634,189.379,0.293844,-100.627,185.398,-2.22776,-100.292,183.712,5.68807,-101.796,183.826,7.84073,-100.116,185.399,5.6858,-104.634,189.078,2.25352,-104.634,189.005,2.72792,-96.0843,188.435,3.89626,-18.9018,215.567,-16.0104,-21.5889,222.3,-17.6321,-108.781,188.86,2.61706,-111.11,188.539,3.11737,-108.781,188.768,3.29957,-109.49,188.492,-2.26342,-109.49,187.662,-2.03016,-109.49,188.545,-1.86254,-108.781,187.227,0.744833,-112.928,188.765,0.866204,-108.781,189.112,0.752262,-104.634,187.218,2.25067,-107.729,187.386,-2.10407,-109.49,188.046,-2.86989,-107.729,188.017,-3.27252,-104.634,186.99,0.172492,-107.729,187.365,-1.87396,-104.634,187.163,-1.47203,-104.634,188.978,-1.98289,-104.634,187.218,-1.98617,-104.634,187.326,3.23974,-100.476,185.524,3.23974,-111.11,187.683,2.96744,-111.11,188.599,2.59211,-112.928,187.548,0.860542,-112.928,188.642,1.94299,-111.713,187.503,-0.173189,-111.713,188.651,-1.19749,-111.713,187.584,-1.19529,-111.11,188.067,3.51719,-108.781,187.455,3.10475,-108.781,188.043,3.81908,-108.842,187.201,-0.0928602,-108.842,187.321,-1.38365,-108.781,187.408,2.61901,-107.729,188.836,-1.87084,-112.928,187.636,1.94093,-108.781,187.364,2.1623,-111.713,188.785,-0.177282,-108.842,189.109,-0.0980284,-107.729,188.749,-2.42864,-108.781,188.921,2.16501,-108.842,188.909,-1.38643,-104.634,189.306,0.770884,-104.634,187.054,0.763087,-104.634,189.067,-1.47495,-104.634,187.02,-0.116401,-104.634,188.874,-2.56852,-104.634,187.243,-2.22776,-104.634,187.27,2.72997,-100.63,183.599,7.86506,-101.807,183.036,7.84652,-100.63,182.615,7.85903,-97.7566,183.516,5.7254,-98.0924,184.987,5.66891,-98.9395,184.195,3.65847,-100.833,185.446,0.172492,5.80611,101.016,10.2499,12.8114,3.06151,18.3,22.471,0.360018,-4.14682,10.0987,0.360018,5.81536,3.73078,200.01,-4.58491,0,230.149,-33.505,9.03099,230.149,-29.5581,-0.0388479,237.377,-34.0394,-9.03099,237.377,-31.4033,20.4632,201.257,-21.9855,20.4632,215.703,-20.0348,20.4632,201.257,-20.0116,20.4632,215.703,-18.061,0,237.377,9.48739,58.2288,189.931,0.273498,62.3948,187.804,-3.26203,62.4034,189.491,0.35637,62.392,187.874,4.21281,58.2288,185.044,5.08681,62.3904,185.053,4.85916,58.2288,188.179,4.3767,58.2288,182.5,4.1104,62.3891,182.764,3.81667,62.3904,185.053,4.85916,-22.471,0.360018,-4.14682,-12.7198,0.360018,-4.09017,-10.0987,0.360018,5.81536,-25.7326,0.360018,5.81637,-9.03099,230.149,-29.5581,9.03099,201.257,-35.4334,9.03099,201.257,-33.4595,20.4632,201.257,-21.9855,20.4632,201.257,-20.0116,-53.1639,189.856,0.201818,-53.1639,185.047,5.37027,-53.1639,182.46,4.0771,-53.1639,181.146,0.100707,-53.1639,187.912,4.68985,-109.49,187.649,-1.86478,-111.11,187.653,2.59361,-5.63312,203.544,1.49644,-5.74772,203.599,-3.45813,5.63312,203.544,1.49644,5.74772,203.599,-3.45813,-3.73078,203.599,-5.54465,0,203.599,-7.83208,3.73078,203.599,-5.54465,0,200.285,-7.34836,-5.05584,200.152,-5.50023,-7.78915,200.116,-2.67287,-7.84416,198.357,2.60943,5.05584,200.152,-5.50023,8.7955,194.809,7.90254,7.84416,198.357,2.60943,7.78915,200.116,-2.67287,-8.7955,194.809,7.90254,-57.0925,184.895,5.81599,-57.0913,181.463,4.60642,-57.0939,189.196,5.04973,-57.0925,184.895,5.81599,-57.1236,184.758,-5.3717,-57.0959,189.237,-4.01538,57.0928,184.94,5.82741,57.0943,189.251,5.04142,57.1243,184.709,-5.35277,57.0968,189.144,-4.04831,-57.0772,191.734,0.33578,-57.0959,189.237,-4.01538,-57.1402,179.829,0.0720463,-57.1465,181.063,-3.47128,57.0928,184.94,5.82741,57.0916,181.441,4.55969,57.1405,179.829,0.0720463,57.1047,191.723,0.35182,57.0968,189.144,-4.04831,57.147,181.047,-3.43401,-58.2288,184.93,-4.60855,-58.2288,182.2,-3.01079,-17.2619,223.065,-13.8345,-13.5957,214.697,-9.30591,17.2619,223.065,-13.8345,13.5957,214.697,-9.30591,-20.4632,215.703,-20.0348,-20.4632,201.257,-20.0116,-20.4632,215.703,-18.061,-20.4632,201.257,-21.9855,-20.4632,230.149,-18.0842,20.4632,230.149,-18.0842,-20.4632,230.149,-18.0842,-20.4632,215.703,-18.061,-20.4632,230.149,-16.1103,-20.4632,215.703,-20.0348,20.4632,215.703,-20.0348,20.4632,230.149,-18.0842,20.4632,215.703,-18.061,20.4632,230.149,-16.1103,0,230.149,-35.4789,9.03099,230.149,-31.532,9.03099,230.149,-31.532,-9.03099,230.149,-31.532,-9.03099,230.149,-31.532,20.4632,201.257,-21.9855,9.03099,215.703,-33.4827,20.4632,215.703,-20.0348,9.03099,201.257,-35.4334,-20.4632,201.257,-21.9855,-20.4632,215.703,-20.0348,-9.03099,215.703,-33.4827,-9.03099,201.257,-35.4334,1.92353e-31,201.257,-39.3803,9.03099,215.703,-33.4827,9.03099,201.257,-35.4334,9.61766e-32,215.703,-37.4296,-9.03099,201.257,-35.4334,-9.03099,215.703,-33.4827,0,230.149,-33.505,-9.03099,230.149,-29.5581,-8.49511,215.394,-30.4277,-8.84206e-09,215.394,-34.1404,0,230.149,-33.505,8.49511,215.394,-30.4277,9.03099,230.149,-29.5581,-8.84206e-09,215.394,-34.1404,-20.4632,230.149,-16.1103,-20.4632,215.703,-18.061,-9.03099,230.149,-29.5581,-8.49511,215.394,-30.4277,20.4632,215.703,-18.061,9.03099,230.149,-29.5581,8.49511,215.394,-30.4277,20.4632,230.149,-16.1103,20.4632,201.257,-20.0116,8.49511,215.394,-30.4277,9.03099,201.257,-33.4595,20.4632,215.703,-18.061,-20.4632,215.703,-18.061,-20.4632,201.257,-20.0116,-8.49511,215.394,-30.4277,-9.03099,201.257,-33.4595,8.49511,215.394,-30.4277,-8.84206e-09,215.394,-34.1404,1.92353e-31,201.257,-37.4064,9.03099,201.257,-33.4595,-8.49511,215.394,-30.4277,1.92353e-31,201.257,-37.4064,-8.84206e-09,215.394,-34.1404,-9.03099,201.257,-33.4595]},"normal":{"type":"float32","components":3,"data":[0.289102,0.0716269,0.954588,0,-0.249794,0.968291,0,0.0971404,0.995239,0.377361,0.0935697,0.921293,0.027131,0.0263985,0.999268,0.373424,0.0655232,0.925321,0,-0.150578,0.988586,0.204932,-0.378491,0.902615,0.272469,-0.135716,0.952544,0,-0.379467,0.925199,-0.134709,-0.4944,0.858699,0.467513,-0.335093,0.817988,0.820643,0.175939,0.543626,0.615467,-0.0206,0.787866,0.687918,0.121677,0.715476,0.817225,0.21189,0.535905,0.714652,0.166692,0.679281,0.759239,0.113987,0.640706,0.895779,-0.0874356,0.435743,0.694632,0.00537123,0.719321,0.956084,0.24012,-0.168004,0.942991,0.293527,-0.156682,0.862148,0.253212,0.438765,0.920652,0.298135,0.2519,0.880551,0.251869,0.40144,0.921659,0.114505,0.370647,0.84109,-0.123051,-0.526658,0.560289,-0.028962,-0.827784,0.53383,0.145207,-0.833003,0.471633,0.455428,-0.755058,0.561266,0.41615,-0.715354,0.929411,0.339488,-0.144566,0.925687,0.341411,-0.162847,0.322367,0.258095,-0.910733,0.224281,-0.0806604,-0.97116,0.284341,-0.0961027,-0.953887,0.271676,-0.24781,-0.929899,0.46202,-0.229987,-0.856502,0.891903,-0.225898,0.391736,0.867306,-0.28544,-0.407788,0.688986,-0.164983,0.70571,0,0.0661946,0.997803,-0.000244148,0.343486,-0.939146,0,-0.0352488,-0.999359,0,-0.288125,-0.957579,0,-0.205481,-0.978637,0,0.14893,-0.98883,-0.000244148,0.597186,-0.802087,0.2837,0.561174,-0.777551,0.294412,0.53679,-0.790643,0,0.45793,-0.888974,0.31193,0.0185857,0.949919,-0.000701926,0.561968,-0.827143,-0.000244148,0.343486,-0.939146,0.867,0.236183,-0.438704,0.415662,-0.272347,0.867733,0.610797,0.112339,0.783746,-0.134709,-0.4944,0.858699,0.705588,-0.00149544,0.708609,0.550127,-0.0421766,0.83401,0.98703,0.0968047,-0.128025,0.67626,0.0194403,-0.736381,0.132908,-0.155736,-0.97879,0,-0.683981,-0.729453,0,-0.764122,0.645039,-0.674062,-0.733665,-0.0855434,0.998108,-0.0409558,-0.0458083,0.687124,0.0294809,-0.725913,0,-0.997711,-0.0674459,0,-0.683981,-0.729453,-0.537187,-0.524003,-0.660878,0.466109,-0.14066,0.87344,-0.0421155,0.0585651,-0.997375,-0.535569,-0.171087,0.82693,-0.763909,-0.0740074,-0.641011,0.741172,0.0184942,-0.671041,0.99353,-0.081637,-0.0786462,0.746971,-0.0732749,-0.660787,-0.979461,-0.186621,-0.0762352,-0.565722,-0.180578,0.804529,-0.560869,-0.264077,0.784631,0.997803,-0.0432142,-0.0496231,0.56505,-0.111118,0.817499,0.496567,-0.160955,0.852901,-0.565722,-0.180578,0.804529,-0.00613422,-0.0382091,-0.999237,-0.753471,-0.195257,-0.627796,-0.804712,-0.109989,-0.583361,0.00585955,-0.17243,-0.984985,-0.560869,-0.264077,0.784631,0.8446,-0.0751976,0.530076,-0.980804,-0.171422,-0.0928373,0.0242622,-0.0347911,-0.999084,-0.510117,-0.292825,0.808679,0.490402,-0.282083,0.824549,-0.776818,-0.050264,-0.627674,-0.981628,-0.187201,-0.0367443,-0.510117,-0.292825,0.808679,0.989837,-0.13242,0.0514542,0.758354,-0.0258492,-0.651295,0.702811,0.226112,-0.674459,0.0102542,0.289407,-0.957121,-0.551317,-0.396954,0.733757,0.490463,-0.35078,0.797723,-0.760521,0.156224,-0.630207,-0.551317,-0.396954,0.733757,0.996551,0.0697653,-0.0443129,-0.991729,-0.0661336,-0.109806,-0.610431,-0.176,0.77221,0.530534,-0.106876,0.840877,0.994079,0.0624409,-0.0886258,0.676626,0.123966,-0.725791,-0.0703146,0.118076,-0.990509,-0.610431,-0.176,0.77221,-0.792077,0.0490128,-0.608417,-0.127415,-0.0592059,-0.990051,-0.613666,0.200018,0.763756,0.528398,0.247291,0.812159,-0.805109,-0.0460219,-0.591296,-0.992248,-0.0515152,-0.113041,-0.613666,0.200018,0.763756,0.991119,0.0730918,-0.111026,0.664785,-0.0366527,-0.746086,0.986908,0.140507,-0.0788903,0.737815,-0.0646687,-0.671865,-0.0734581,-0.0112002,-0.997223,-0.676687,0.4756,0.561998,0.557543,0.549181,0.622486,-0.866604,-0.0584429,-0.495499,-0.998444,0.0531938,-0.0157475,-0.676687,0.4756,0.561998,0.506302,0.738823,0.444685,-0.929289,-0.0220649,-0.368664,-0.995972,0.0813013,-0.0371715,-0.557909,0.731681,0.391522,0.990295,0.132481,-0.0417188,0.830714,-0.0134586,-0.556505,-0.084048,0.299326,-0.950407,0.93466,-0.0227363,-0.354717,-0.0471206,-0.172857,-0.983795,-0.557909,0.731681,0.391522,0.50795,0.776574,0.372662,-0.937712,-0.040498,-0.345012,-0.944639,0.322489,-0.0600909,-0.476302,0.790094,0.385785,0.961119,0.273568,-0.0372936,-0.0214545,-0.517258,-0.855525,-0.877712,-0.436232,-0.198187,-0.966124,0.24723,-0.0738243,-0.544572,0.122105,0.829768,0.973174,0.217292,-0.0751976,0.819117,-0.521714,-0.23838,0.894375,-0.11774,-0.431471,-0.476302,0.790094,0.385785,0.554491,0.0833765,0.827967,-0.0400708,-0.712271,-0.700736,-0.551408,-0.73809,0.388714,0.532579,-0.778436,0.332163,-0.820154,-0.560808,0.113193,-0.551408,-0.73809,0.388714,0.843532,-0.537034,0.00122072,-0.979003,0.0755028,-0.189215,-0.996246,0.0111087,-0.085696,-0.976287,-0.187445,-0.108066,0.760979,-0.0714744,0.644795,0.836024,-0.409223,0.365459,0,-0.270608,-0.962676,0.284494,-0.264992,-0.921293,0.401715,-0.40904,-0.8193,0.219672,-0.335215,-0.916166,0.25248,-0.644307,-0.721824,0.460829,0.0937223,0.882504,0.291177,0.568682,0.76925,0,-0.24543,-0.96939,0.782037,-0.592334,-0.19367,0.447066,-0.524186,0.724784,0.433637,0.220191,0.873745,0.556749,-0.830622,0.00732441,0,0.667867,0.744255,0,0.638386,0.769707,0.153844,0.646657,0.747063,0.155644,-0.0850245,-0.98413,0.199683,-0.0448927,-0.97882,0.21955,0.344279,-0.912809,0.223426,0.580432,-0.783013,0,0.322306,-0.946623,0.252113,0.967681,-0.00198366,0.252876,0.838862,0.481979,0.20716,0.597156,0.774865,0,0.467605,-0.883908,0.332865,0.790674,-0.51381,0.221198,-0.0587482,0.973449,0.276315,0.858333,0.432295,-0.0052797,0.73986,0.67272,0.332865,0.790674,-0.51381,0,0.428388,0.903592,0.23368,0.765923,-0.598926,0.336467,0.941649,0.007355,0.767541,-0.326945,-0.551317,0.776147,-0.630512,0.00415049,0.577502,-0.682821,0.447401,0,-0.852535,0.522629,0,-0.277383,-0.960753,0.767541,-0.326945,-0.551317,0.74221,-0.66097,-0.110447,0.856014,-0.237251,0.459273,0.750023,-0.434828,0.498367,0.856014,-0.237251,0.459273,0.468215,-0.201697,0.860256,0.750023,-0.434828,0.498367,0.343059,-0.881252,-0.325083,0.74221,-0.66097,-0.110447,0.532212,-0.842433,-0.0838344,0.750023,-0.434828,0.498367,0.395856,-0.779595,0.485275,0,-0.850063,-0.526627,0.46617,-0.792596,-0.393017,0.343059,-0.881252,-0.325083,0.395856,-0.779595,0.485275,0,-0.479232,0.877651,0,-0.742424,0.669881,0,-0.877682,-0.479171,0.466842,-0.660756,-0.587725,0.46617,-0.792596,-0.393017,0.854946,-0.518448,-0.0159612,0,-0.742424,0.669881,0.854946,-0.518448,-0.0159612,0.868801,-0.146886,0.472823,0,-0.721885,-0.691977,0.544267,-0.384075,-0.745811,0.466842,-0.660756,-0.587725,0.942839,-0.33021,0.044618,0.865993,-0.0383618,0.49855,0.868801,-0.146886,0.472823,0,-0.455916,-0.889981,-0.19602,-0.969359,0.147893,0.544267,-0.384075,-0.745811,0.992279,-0.0601215,0.10828,0.953825,0.235725,-0.186041,0.859157,0.184759,0.477126,0.78634,0.583605,-0.202551,0.727836,0.571184,0.379406,0.56444,0.280282,-0.77