{"model":{"version":3,"nodes":[{"name":"RootNode","position":[0,0,0],"rotation":[0,0,0],"scale":[0.01,0.01,0.01],"scaleCompensation":false},{"name":"chibi","position":[0,165,0],"rotation":[2.50448e-06,-0,0],"scale":[75.2663,75.2663,75.2663],"scaleCompensation":false},{"name":"credencial","position":[0.00369114,-0.116308,0.274591],"rotation":[-9.88637,2.10516,0.225606],"scale":[0.082433,0.0613514,0.0613514],"scaleCompensation":false},{"name":"gafas","position":[-8.30023,219.711,10.9423],"rotation":[2.50448e-06,-0,0],"scale":[5.93087,5.93087,5.93087],"scaleCompensation":false},{"name":"mixamorig:Hips","position":[0,128.508,0.498556],"rotation":[0,0,0],"scale":[1,1,1],"scaleCompensation":false},{"name":"mixamorig:Spine","position":[0,13.0896,0.0271128],"rotation":[0.119419,-0.00359473,0.117553],"scale":[1,1,1],"scaleCompensation":false},{"name":"mixamorig:Spine1","position":[0,15.2713,0],"rotation":[0,0,0],"scale":[1,1,1],"scaleCompensation":false},{"name":"mixamorig:Spine2","position":[0,17.4529,-1.11022e-16],"rotation":[0,0,0],"scale":[1,1,1],"scaleCompensation":false},{"name":"mixamorig:Neck","position":[0,19.6345,3.0704e-08],"rotation":[-0.118678,-4.93934e-12,-2.60449e-11],"scale":[1,1,1],"scaleCompensation":false},{"name":"mixamorig:Head","position":[0,15.07,-5.0248],"rotation":[0,0,0],"scale":[1,1,1],"scaleCompensation":false},{"name":"mixamorig:HeadTop_End","position":[0,45.0415,-15.0182],"rotation":[0,0,0],"scale":[1,1,1],"scaleCompensation":false},{"name":"mixamorig:LeftShoulder","position":[7.10266,17.2086,0.0674182],"rotation":[107.867,89.4883,1.67324],"scale":[1,1,1],"scaleCompensation":false},{"name":"mixamorig:LeftArm","position":[0,15.7531,0],"rotation":[-16.1941,0.170925,-0.582297],"scale":[1,1,1],"scaleCompensation":false},{"name":"mixamorig:LeftForeArm","position":[-5.55112e-17,34.9727,-2.84217e-14],"rotation":[3.63879e-05,-0.0136605,3.2053e-05],"scale":[1,1,1],"scaleCompensation":false},{"name":"mixamorig:LeftHand","position":[0,34.7661,0],"rotation":[-0.00583695,-1.38583,2.93584e-05],"scale":[1,1,1],"scaleCompensation":false},{"name":"mixamorig:LeftHandThumb1","position":[-2.16182,3.2258,1.20499],"rotation":[27.2234,0.430354,36.0606],"scale":[1,1,1],"scaleCompensation":false},{"name":"mixamorig:LeftHandThumb2","position":[0.31536,3.23736,0],"rotation":[0.0309253,-0.208467,-14.0093],"scale":[1,1,1],"scaleCompensation":false},{"name":"mixamorig:LeftHandThumb3","position":[-0.390565,2.63088,-2.84217e-14],"rotation":[0.0215807,0.588745,10.5441],"scale":[1,1,1],"scaleCompensation":false},{"name":"mixamorig:LeftHandThumb4","position":[0.0752053,2.05163,2.84217e-14],"rotation":[0,0,0],"scale":[1,1,1],"scaleCompensation":false},{"name":"mixamorig:LeftHandIndex1","position":[8.88178e-16,11.6969,0.00118828],"rotation":[0.010753,-0.283581,-0.983104],"scale":[1,1,1],"scaleCompensation":false},{"name":"mixamorig:LeftHandIndex2","position":[-0.0463409,2.69834,2.84217e-14],"rotation":[0.000630017,-0.0462578,0.197201],"scale":[1,1,1],"scaleCompensation":false},{"name":"mixamorig:LeftHandIndex3","position":[-0.0358946,2.61726,2.84217e-14],"rotation":[0.00177771,0.0486324,2.83668],"scale":[1,1,1],"scaleCompensation":false},{"name":"mixamorig:LeftHandIndex4","position":[0.0822354,2.29552,2.84217e-14],"rotation":[0,0,0],"scale":[1,1,1],"scaleCompensation":false},{"name":"mixamorig:RightShoulder","position":[-7.10266,17.2083,-0.057368],"rotation":[107.569,-90.4413,-1.37134],"scale":[1,1,1],"scaleCompensation":false},{"name":"mixamorig:RightArm","position":[-5.55112e-17,15.7531,0],"rotation":[-16.196,0.000715636,-0.459572],"scale":[1,1,1],"scaleCompensation":false},{"name":"mixamorig:RightForeArm","position":[0,34.9701,0],"rotation":[3.99913e-05,-0.006538,2.37422e-05],"scale":[1,1,1],"scaleCompensation":false},{"name":"mixamorig:RightHand","position":[0,34.7662,0],"rotation":[0.000473385,1.78125,2.50522e-05],"scale":[1,1,1],"scaleCompensation":false},{"name":"mixamorig:RightHandThumb1","position":[2.14407,3.16703,1.24981],"rotation":[27.7154,-0.576526,-36.761],"scale":[1,1,1],"scaleCompensation":false},{"name":"mixamorig:RightHandThumb2","position":[-0.360701,3.19859,-2.84217e-14],"rotation":[-0.00204949,-0.0195355,12.5043],"scale":[1,1,1],"scaleCompensation":false},{"name":"mixamorig:RightHandThumb3","position":[0.282818,2.65928,0],"rotation":[-0.0148305,-0.425318,-4.07173],"scale":[1,1,1],"scaleCompensation":false},{"name":"mixamorig:RightHandThumb4","position":[0.0778831,2.23249,0],"rotation":[0,0,0],"scale":[1,1,1],"scaleCompensation":false},{"name":"mixamorig:RightHandIndex1","position":[8.88178e-16,11.8083,-0.00014329],"rotation":[0.00520904,0.246848,1.30837],"scale":[1,1,1],"scaleCompensation":false},{"name":"mixamorig:RightHandIndex2","position":[0.0629329,2.75398,-2.84217e-14],"rotation":[0.000478295,0.0282854,-0.255006],"scale":[1,1,1],"scaleCompensation":false},{"name":"mixamorig:RightHandIndex3","position":[0.0462994,2.5181,2.84217e-14],"rotation":[-0.00293766,0.0587168,-3.89178],"scale":[1,1,1],"scaleCompensation":false},{"name":"mixamorig:RightHandIndex4","position":[-0.109232,2.20251,-2.84217e-14],"rotation":[0,0,0],"scale":[1,1,1],"scaleCompensation":false},{"name":"mixamorig:LeftUpLeg","position":[12.47,-7.26654,0.104389],"rotation":[0.731156,0.182488,-179.519],"scale":[1,1,1],"scaleCompensation":false},{"name":"mixamorig:LeftLeg","position":[0,57.7011,0],"rotation":[-5.28926,-0.0338139,-0.789811],"scale":[1,1,1],"scaleCompensation":false},{"name":"mixamorig:LeftFoot","position":[0,50.4449,4.44089e-16],"rotation":[54.5284,3.59688,3.1313],"scale":[1,1,1],"scaleCompensation":false},{"name":"mixamorig:LeftToeBase","position":[0,17.9942,0],"rotation":[37.2183,-6.48409,-5.28253e-07],"scale":[1,1,1],"scaleCompensation":false},{"name":"mixamorig:LeftToe_End","position":[3.55271e-15,6.71075,0],"rotation":[0,0,0],"scale":[1,1,1],"scaleCompensation":false},{"name":"mixamorig:RightUpLeg","position":[-12.47,-7.26654,0.262512],"rotation":[0.416828,-0.182779,179.754],"scale":[1,1,1],"scaleCompensation":false},{"name":"mixamorig:RightLeg","position":[-3.55271e-15,57.7136,1.77636e-15],"rotation":[-4.79399,0.0289027,0.790566],"scale":[1,1,1],"scaleCompensation":false},{"name":"mixamorig:RightFoot","position":[-3.55271e-15,50.4681,8.88178e-16],"rotation":[55.8665,-3.3348,-3.02538],"scale":[1,1,1],"scaleCompensation":false},{"name":"mixamorig:RightToeBase","position":[0,18.5904,-1.77636e-15],"rotation":[35.7822,6.25575,1.25286e-06],"scale":[1,1,1],"scaleCompensation":false},{"name":"mixamorig:RightToe_End","position":[-3.55271e-15,6.94214,0],"rotation":[0,0,0],"scale":[1,1,1],"scaleCompensation":false}],"parents":[-1,0,1,0,0,4,5,6,7,8,9,7,11,12,13,14,15,16,17,14,19,20,21,7,23,24,25,26,27,28,29,26,31,32,33,4,35,36,37,38,4,40,41,42,43],"skins":[{"inverseBindMatrices":[[1,-0,0,0,0,0.999998,-0.00207131,0,0,0.00207131,0.999998,0,-0,-174.322,-0.232375,1],[1,-0,0,0,0,0.999998,-0.00207131,0,0,0.00207131,0.999998,0,-0,-141.598,-0.232376,1],[1,-0,0,0,0,0.999998,-0.00207131,0,0,0.00207131,0.999998,0,-0,-156.869,-0.232375,1],[1,-0,0,0,0,1,-0,0,0,0,1,0,-0,-128.508,-0.498556,1],[-0.998412,0.0563262,-1.9082e-17,0,-0.0562133,-0.996411,-0.0632824,0,-0.00356446,-0.0631819,0.997996,0,19.2677,120.142,7.07069,1],[-0.998413,-0.056314,8.23994e-18,0,0.0561889,-0.996195,-0.0666168,0,0.00375146,-0.0665111,0.997779,0,-19.2655,120.128,7.31732,1],[0.00893396,0.95932,-0.28218,0,0.00230138,-0.28221,-0.95935,0,-0.999957,0.00792139,-0.00472902,0,0.192245,47.2323,185.751,1],[-0.999079,0.0428496,-0.00221189,0,-0.0428206,-0.999013,-0.0117977,0,-0.00271523,-0.0116922,0.999928,0,18.4271,62.975,3.82934,1],[-0.996695,-0.0261886,-0.0768944,0,-0.0419359,-0.644823,0.763181,0,-0.0695699,0.763883,0.641593,0,18.1298,11.8528,-6.48435,1],[-0.999003,0.00101152,0.0446292,0,0.0445164,-0.051972,0.997656,0,0.00332862,0.998648,0.0518751,0,17.2815,-10.026,-3.04642,1],[-0.0117972,0.99893,-0.0447211,0,0.00839885,-0.0446236,-0.998969,0,-0.999895,-0.0121606,-0.00786343,0,-0.488004,-13.8328,187.891,1],[1,-0,0,0,0,1,-4.33681e-19,0,0,4.33681e-19,1,0,-0,-209.026,4.39068,1],[1,-0,0,0,0,1,-4.33681e-19,0,0,4.33681e-19,1,0,-0,-193.956,-0.63412,1],[-0.00317485,0.99994,0.0104816,0,0.00801339,0.0105068,-0.999913,0,-0.999963,-0.00309058,-0.00804626,0,-0.909231,-59.0948,184.911,1],[0.0147966,0.981974,0.188435,0,-0.0143926,0.188645,-0.98194,0,-0.999787,0.0118173,0.0169245,0,1.6039,-125.328,165.207,1],[0.638052,0.768824,-0.042421,0,0.109306,-0.144973,-0.983379,0,-0.762195,0.622811,-0.176537,0,-79.139,-47.9434,186.749,1],[-0.0300435,0.999025,0.0323388,0,-0.0229888,0.0316543,-0.999234,0,-0.999284,-0.0307639,0.0220154,0,7.85706,-109.241,184.597,1],[-0.0300435,0.99935,-0.0199224,0,-0.0229888,-0.020617,-0.999523,0,-0.999284,-0.0295711,0.0235932,0,7.9034,-102.137,190.195,1],[0.638052,0.754626,-0.153064,0,0.109306,-0.285541,-0.952113,0,-0.762195,0.590767,-0.264675,0,-79.4544,-23.6602,192.184,1],[0.638052,0.769899,-0.0120496,0,0.109306,-0.106055,-0.988334,0,-0.762195,0.629292,-0.151823,0,-79.0638,-61.0964,184.101,1],[-0.0300435,0.994866,-0.0966431,0,-0.0229888,-0.0973489,-0.994985,0,-0.999284,-0.0276711,0.0257954,0,7.9393,-89.8324,197.681,1],[-0.00769417,-0.95932,0.282216,0,-0.00191335,-0.28221,-0.959351,0,0.999969,-0.00792139,0.000335853,0,-0.259894,47.2423,185.748,1],[-0.999081,-0.0428301,0.00146298,0,0.0427598,-0.998555,-0.0325472,0,0.00285487,-0.0324547,0.999469,0,-18.4227,62.8818,5.17368,1],[-0.997066,0.025348,0.0722343,0,0.040658,-0.62416,0.780238,0,0.0648632,0.780885,0.621298,0,-18.0662,12.4692,-6.19629,1],[-0.999,-0.000978734,-0.0447096,0,-0.044604,-0.0502642,0.997739,0,-0.00322381,0.998735,0.0501702,0,-17.2834,-9.71825,-3.01473,1],[4.73661e-05,-0.999004,0.0446269,0,0.000364017,-0.0446269,-0.999004,0,1,6.35639e-05,0.000361541,0,-0.513989,-13.8438,187.889,1],[-0.00408898,-0.999936,-0.0105074,0,0.000179238,0.0105067,-0.999945,0,0.999992,-0.00409064,0.000136264,0,-0.716098,-59.094,184.913,1],[0.0120966,-0.982088,-0.188034,0,0.0296703,0.188318,-0.98166,0,0.999487,0.00629572,0.0314168,0,-4.7103,-125.276,165.187,1],[0.651748,-0.756714,0.0510663,0,-0.100783,-0.153144,-0.983051,0,0.751709,0.635555,-0.176075,0,78.8595,-45.2784,187.486,1],[-0.0151782,-0.999699,-0.019267,0,0.0348879,0.018728,-0.999216,0,0.999276,-0.0158385,0.0345932,0,-8.51498,-106.997,185.957,1],[0.651748,-0.746897,0.13179,0,-0.100783,-0.257513,-0.961004,0,0.751709,0.613051,-0.243109,0,79.2202,-28.1253,191.598,1],[-0.0151782,-0.999874,0.00468469,0,0.0348879,-0.00521197,-0.999378,0,0.999276,-0.0150054,0.0349626,0,-8.57791,-105.265,188.533,1],[-0.0151782,-0.998017,-0.0610863,0,0.0348879,0.0605275,-0.997557,0,0.999276,-0.0172723,0.0339001,0,-8.62421,-119.949,181.036,1],[0.651748,-0.756618,0.052473,0,-0.100783,-0.154971,-0.982765,0,0.751709,0.635227,-0.177257,0,78.9374,-50.7729,187.296,1]],"boneNames":["mixamorig:Spine2","mixamorig:Spine","mixamorig:Spine1","mixamorig:Hips","mixamorig:LeftUpLeg","mixamorig:RightUpLeg","mixamorig:LeftShoulder","mixamorig:LeftLeg","mixamorig:LeftFoot","mixamorig:LeftToeBase","mixamorig:LeftArm","mixamorig:Head","mixamorig:Neck","mixamorig:LeftForeArm","mixamorig:LeftHand","mixamorig:LeftHandThumb1","mixamorig:LeftHandIndex1","mixamorig:LeftHandIndex2","mixamorig:LeftHandThumb2","mixamorig:LeftHandThumb3","mixamorig:LeftHandIndex3","mixamorig:RightShoulder","mixamorig:RightLeg","mixamorig:RightFoot","mixamorig:RightToeBase","mixamorig:RightArm","mixamorig:RightForeArm","mixamorig:RightHand","mixamorig:RightHandThumb1","mixamorig:RightHandIndex1","mixamorig:RightHandThumb2","mixamorig:RightHandIndex2","mixamorig:RightHandIndex3","mixamorig:RightHandThumb3"]},{"inverseBindMatrices":[[1,-0,0,0,0,0.999998,-0.00207131,0,0,0.00207131,0.999998,0,-0,-174.322,-0.232375,1],[1,-0,0,0,0,0.999998,-0.00207131,0,0,0.00207131,0.999998,0,-0,-141.598,-0.232376,1],[1,-0,0,0,0,0.999998,-0.00207131,0,0,0.00207131,0.999998,0,-0,-156.869,-0.232375,1],[1,-0,0,0,0,1,-0,0,0,0,1,0,-0,-128.508,-0.498556,1],[1,-0,0,0,0,1,-4.33681e-19,0,0,4.33681e-19,1,0,-0,-193.956,-0.63412,1]],"boneNames":["mixamorig:Spine2","mixamorig:Spine","mixamorig:Spine1","mixamorig:Hips","mixamorig:Neck"]},{"inverseBindMatrices":[[1,-0,0,0,0,1,-4.33681e-19,0,0,4.33681e-19,1,0,-0,-209.026,4.39068,1],[1,-0,0,0,0,1,-4.33681e-19,0,0,4.33681e-19,1,0,-0,-193.956,-0.63412,1]],"boneNames":["mixamorig:Head","mixamorig:Neck"]}],"morphs":[],"vertices":[{"position":{"type":"float32","components":3,"data":[5.20508,156.195,17.2149,0,166.565,16.5657,0,156.195,17.2149,6.70896,146.105,18.2901,5.68975,143.351,18.3709,6.97616,143.351,18.3507,0.00562007,127.638,18.3565,7.47351,120.255,16.5376,8.1204,127.638,18.2238,0.00562007,120.255,16.5376,4.16519,109.728,10.2767,14.3545,120.255,13.5981,17.9946,127.638,10.6373,13.7096,127.638,15.0944,12.4468,134.348,15.6347,12.7564,143.351,11.1316,10.2331,143.351,15.5222,9.68477,146.105,15.502,12.7312,156.195,9.78102,8.96814,156.195,14.2946,23.1455,123.122,-0.0104912,21.5421,127.638,-0.021296,16.1263,134.348,10.4567,15.2657,143.351,1.67573,13.3539,143.351,10.3441,12.6606,146.105,10.3239,14.8133,156.195,0.0409824,14.4599,120.255,-11.0488,13.205,127.638,-12.7008,11.95,134.348,-10.1226,14.5884,143.356,-1.44989,19.4022,134.348,-0.0321005,15.7977,143.351,0.0804762,7.46043,146.105,-2.48834,5.85132,156.195,-2.43441,10.3323,156.195,-1.19671,7.61242,166.565,-4.81024,13.0067,166.565,-2.42038,15.8281,166.565,9.1306,16.16,166.565,-0.0305219,12.4074,166.565,12.8482,0.00562003,146.105,18.5557,0.00562003,146.105,-5.07736,0,156.195,-3.3638,0,166.565,-5.8724,0.00562007,120.255,-15.0977,0.00562007,127.638,-15.6218,0.00562003,142.195,-7.82682,4.14067,143.398,-5.38217,8.25279,143.381,-3.62976,0.00562007,134.348,-13.0435,7.92892,134.348,18.6884,0.00562003,143.414,-6.80171,0.00562003,146.105,-5.07736,14.9152,146.105,0.10067,8.10161,166.565,16.5657,9.49948,143.351,15.9865,4.16519,109.728,10.2767,19.4747,120.255,10.5619,19.8834,110.588,10.2956,24.1719,117.333,0.102143,18.5728,113.032,-7.6487,11.9345,110.206,-10.9645,0.00562007,110.293,-9.62668,0.00562007,109.541,10.141,1.7406,105.281,-0.273144,24.4588,101.016,0.124246,18.3845,101.016,-7.99706,0.00562007,105.384,-0.34948,0.00562007,110.293,-9.62668,4.51634,106.53,-5.63345,18.5192,101.016,9.6571,12.5549,101.016,-12.2599,5.80611,101.016,10.2499,5.80468,101.016,-6.30417,18.7585,86.0551,-7.75539,22.6609,69.5761,-2.67148,19.7948,69.5761,-7.49033,5.36088,86.0551,-1.56371,10.93,69.5761,3.3367,7.93193,86.0551,6.95286,23.697,86.0551,-1.2091,19.8897,69.5761,2.98493,18.8744,86.0551,6.47499,10.93,69.5761,3.3367,13.6498,86.0551,-12.6668,10.9269,69.5761,-6.81867,7.95165,86.0551,-7.13045,15.6183,69.5761,-10.6836,7.93193,86.0551,6.95286,21.9439,86.0551,1.58426,2.44643,101.016,-0.31568,15.9438,65.2957,-9.51666,11.3774,65.2957,3.23053,19.5235,65.2957,2.91071,11.5152,65.2957,-6.00269,9.46343,65.2957,-2.46941,11.3774,65.2957,3.23053,22.133,65.2957,-2.23208,19.4372,65.2957,-6.61335,19.0513,62.238,-7.54732,15.9766,62.238,-10.1376,11.8604,62.238,1.23524,19.1282,62.238,0.949894,11.7683,62.238,-7.0025,11.8604,62.238,1.23524,22.001,62.238,-3.63842,10.1528,62.238,-3.85016,12.119,51.4801,-1.5407,20.6026,51.4801,-1.85814,23.7984,51.4801,-6.96251,20.5169,51.4801,-11.3111,16.1186,51.4801,-14.1927,12.119,51.4801,-1.5407,12.1774,51.4801,-10.705,17.0594,19.6608,-10.9877,15.3346,19.6608,-3.89428,19.635,19.6608,-4.08055,15.2325,19.6608,-9.27179,10.6176,51.4801,-7.19807,15.3346,19.6608,-3.89428,21.3348,19.6608,-7.07575,19.5895,19.6608,-9.62745,22.6825,14.812,-5.25671,20.7388,14.812,-8.19715,17.1809,14.812,-10.9122,14.4815,14.812,-1.01576,20.8058,14.812,-1.26406,14.3563,14.812,-8.18407,13.6854,14.812,-5.44097,14.4815,14.812,-1.01576,20.7418,11.2178,2.79526,14.549,11.2178,-7.57011,13.9201,11.2178,-3.37756,14.6708,11.2178,3.16221,22.8098,11.2178,-3.10526,20.6873,11.2178,-7.67107,17.1973,11.2178,-11.7398,22.2442,9.10752,-4.46021,17.3257,6.62573,-13.4973,14.6708,11.2178,3.16221,21.6007,6.62572,12.7777,14.065,6.62572,-5.95984,12.2656,6.62572,1.61906,13.9301,6.62572,13.441,23.8792,6.62572,1.65029,17.4739,3.06151,-10.8134,12.8076,3.06151,-2.67785,10.7045,3.06151,4.02685,12.8114,3.06151,18.3,24.9572,3.06151,3.95843,22.4937,3.06151,-2.657,21.579,6.62572,-6.05369,13.9301,6.62572,13.441,22.5212,3.06151,18.2287,17.3494,0.360018,-9.4183,12.7531,0.360017,16.0375,22.4307,0.360017,15.3113,12.7198,0.360018,-4.09017,12.7531,0.360017,16.0375,25.7326,0.360018,5.81637,13.997,8.78193,-4.74734,14.3242,19.6608,-7.21398,8.82487,69.5761,-2.93251,15.3299,174.164,12.0232,18.3681,174.164,7.59558,0,174.164,-8.54225,8.65595,174.164,-6.41793,16.1189,174.164,-3.64462,10.0978,180.303,-7.89803,23.209,179.831,-4.68242,9.51391,176.522,22.9125,8.13802,186.247,14.1094,0,180.724,-10.2879,20.5084,174.164,-0.0672032,23.209,180.372,5.96913,14.0091,184.54,10.8821,23.209,178.179,-0.00634907,0,191.179,9.94149,0,184.671,14.5239,8.71159,191.346,9.92981,23.209,184.744,-7.07228,10.8661,185.702,-9.75681,11.3784,190.925,-8.29634,23.209,190.453,-5.34627,0,191.744,-10.5534,23.209,193.744,0.230062,8.71159,196.73,3.68962,23.209,190.591,6.36744,0,196.73,-8.0308,11.3784,196.73,-5.3754,23.209,184.95,7.4296,6.49032,201.236,4.30858,4.26677,200.01,1.49644,11.3784,196.73,-5.3754,0,200.01,3.49635,3.73078,200.01,-4.58491,5.74772,200.01,-2.49839,3.86262,204.274,-4.2554,4.54224,205.506,-2.58962,2.71175,205.363,0.782363,0,204.774,3.14723,0,203.302,-6.53783,3.86262,204.274,-4.2554,11.5929,210.184,-7.08044,13.0351,214.848,2.78882,10.9792,210.157,4.1315,13.0351,214.848,2.78882,3.61552,214.848,9.69484,10.9792,210.157,4.1315,5.61855,206.318,-7.2455,11.5929,210.184,-7.08044,8.23444,206.68,-3.8064,10.9792,210.157,4.1315,4.97656,205.201,5.64378,0,206.318,-8.94743,8.57734,210.157,-14.2103,5.61855,206.318,-7.2455,4.97656,205.201,5.64378,0,212.372,9.89629,0,205.096,7.36643,0,210.157,-17.3405,8.50897,214.848,-22.2067,8.57734,210.157,-14.2103,14.3084,214.38,-9.33812,0,205.096,7.36643,14.3084,214.38,-9.33812,15.3487,222.405,1.07754,0,214.848,-24.7673,9.03099,222.405,-27.321,8.50897,214.848,-22.2067,19.3604,222.405,-13.6391,16.3138,230.149,0.427228,15.3487,222.405,1.07754,0,222.405,-31.0338,9.03099,230.149,-29.5581,9.03099,222.405,-27.321,20.4632,230.149,-16.1103,19.8888,237.377,-16.1103,15.5598,237.194,-0.118895,0,230.149,-33.505,9.03099,237.377,-29.5581,9.03099,230.149,-29.5581,16.8882,244.89,-15.772,14.1248,244.89,-2.42102,0,244.89,-29.76,8.22224,244.89,-25.5029,9.03099,237.377,-29.5581,22.8293,230.886,-18.5293,15.3198,241.563,-27.1303,20.3614,240.606,-17.4917,17.7877,231.844,-28.168,7.0934,242.375,-31.301,9.56135,232.656,-32.3387,13.7335,241.578,-27.0945,16.2014,231.859,-28.1322,16.9092,221.4,-28.6818,21.9508,220.443,-19.0431,21.4578,220.458,-19.0073,22.3363,230.901,-18.4935,15.3229,221.415,-28.646,16.2014,231.859,-28.1322,17.7877,231.844,-28.168,8.68286,222.213,-32.8525,15.3229,221.415,-28.646,13.8673,241.119,3.8177,6.4934,244.89,5.43411,14.1248,244.89,-2.42102,17.2322,240.608,-4.07916,7.07576,222.405,8.87282,7.5349,230.149,8.94656,0,222.405,10.0079,0,237.377,9.48739,7.5349,237.377,8.30119,0,244.89,8.13422,7.5349,237.377,8.30119,13.7335,241.578,-27.0945,19.8683,240.62,-17.4558,8.22224,244.89,-25.5029,14.7341,247.441,-2.44273,7.75872,247.441,5.41241,18.1625,240.593,-4.11498,15.5598,237.194,-0.118895,16.3138,230.149,0.427228,15.3487,222.405,1.07754,16.3138,230.149,0.427228,0,218.349,10.1411,0,216.205,13.3778,53.1639,189.839,0.558024,53.1639,187.785,-3.81401,53.1639,182.68,4.32173,53.1639,185.047,5.37027,53.1639,182.68,4.32173,53.1639,184.705,-4.79821,53.1639,181.973,-2.85944,53.1639,189.839,0.558024,53.1639,188.04,4.66576,53.1639,181.146,0.100707,58.2288,184.93,-4.60855,62.3948,187.804,-3.26203,62.4248,184.902,-4.33474,58.2288,188.102,-3.45461,58.2288,181.281,0.115443,62.4496,182.506,-2.75686,62.4425,181.709,0.126301,58.2288,182.2,-3.01079,91.687,185.528,-2.30916,96.0843,182.912,-2.7006,91.687,183.764,-1.45066,91.687,183.958,2.37566,96.0843,182.73,0.091056,95.7385,183.76,3.71269,91.687,187.579,-1.68913,96.0843,190.053,0.232196,96.0843,188.364,-3.09692,91.687,187.629,2.51874,96.0843,185.54,4.53038,96.0843,188.435,3.89626,96.0843,185.434,-4.12737,91.687,183.17,0.22911,91.687,188.761,0.314036,91.687,185.602,2.9003,98.6858,184.335,-2.7006,98.8012,184.323,0.091056,104.634,187.998,-3.45449,99.2978,186.081,4.53038,104.634,188.029,3.9894,104.634,188.895,3.44419,104.634,189.306,-0.121829,104.634,189.067,-1.47495,100.627,185.398,-2.22776,100.292,183.712,5.68807,101.796,183.826,7.84073,101.807,183.036,7.84652,104.634,189.005,2.72792,104.634,189.078,2.25352,18.9018,215.567,-16.0104,20.6779,222.148,-17.6321,108.781,188.86,2.61706,111.11,188.539,3.11737,111.11,188.599,2.59211,109.49,188.492,-2.26342,109.49,188.545,-1.86254,109.49,187.662,-2.03016,108.781,187.227,0.744833,112.928,188.765,0.866204,112.928,187.548,0.860542,104.634,187.218,2.25067,104.634,187.27,2.72997,107.729,187.386,-2.10407,109.49,188.046,-2.86989,104.634,186.99,0.172492,104.634,189.379,0.293844,104.634,187.054,0.763087,107.729,187.365,-1.87396,109.49,187.649,-1.86478,104.634,188.978,-1.98289,104.634,187.163,-1.47203,104.634,187.218,-1.98617,100.476,185.524,3.23974,104.634,187.326,3.23974,111.11,188.067,3.51719,111.11,187.683,2.96744,112.928,188.642,1.94299,112.928,187.636,1.94093,111.713,188.651,-1.19749,111.713,187.503,-0.173189,111.713,187.584,-1.19529,108.781,187.455,3.10475,108.781,188.043,3.81908,108.842,187.201,-0.0928602,108.781,187.408,2.61901,111.11,187.653,2.59361,107.729,188.836,-1.87084,108.781,187.364,2.1623,111.713,188.785,-0.177282,108.842,189.109,-0.0980284,107.729,188.749,-2.42864,107.729,188.017,-3.27252,108.781,188.768,3.29957,108.781,188.921,2.16501,108.842,188.909,-1.38643,108.842,187.321,-1.38365,108.781,189.112,0.752262,104.634,189.306,0.770884,104.634,187.02,-0.116401,104.634,188.874,-2.56852,104.634,187.243,-2.22776,100.63,183.599,7.86506,100.63,182.615,7.85903,97.7566,183.516,5.7254,100.116,185.399,5.6858,98.0924,184.987,5.66891,98.9395,184.195,3.65847,100.833,185.446,0.172492,-5.20508,156.195,17.2149,-8.10161,166.565,16.5657,-5.67889,143.352,18.3709,-6.69772,146.105,18.2901,0.00562003,143.352,18.596,-7.46227,120.255,16.5376,-8.10916,127.638,18.2238,-4.15395,109.728,10.2767,-17.9833,127.638,10.6373,-14.3432,120.255,13.5981,-13.6983,127.638,15.0944,-9.67353,146.105,15.502,-12.7451,143.352,11.131,-10.2215,143.352,15.5221,-12.6493,146.105,10.3239,-12.7312,156.195,9.78102,-8.96814,156.195,14.2946,-23.1342,123.122,-0.0104912,-19.4634,120.255,10.5619,-15.2541,143.352,1.6742,-13.3421,143.352,10.3441,-14.904,146.105,0.10067,-14.8133,156.195,0.0409824,-21.5309,127.638,-0.021296,-14.4487,120.255,-11.0488,-11.9388,134.348,-10.1226,-19.391,134.348,-0.0321005,-14.5985,143.472,-1.34835,-15.7242,143.477,0.081902,-15.7856,143.353,0.0804964,-5.85132,156.195,-2.43441,-7.44919,146.105,-2.48834,-10.3323,156.195,-1.19671,-7.61242,166.565,-4.81024,-13.0067,166.565,-2.42038,-15.8281,166.565,9.1306,-12.4074,166.565,12.8482,-13.1937,127.638,-12.7008,-4.193,143.431,-5.32676,-8.21185,143.447,-3.58699,-16.1151,134.348,10.4567,-12.4356,134.348,15.6347,-7.91768,134.348,18.6884,0.00562007,134.348,18.8212,-6.9648,143.352,18.3507,-9.48835,143.352,15.9862,-4.15395,109.728,10.2767,-19.8722,110.588,10.2956,-24.1607,117.333,0.102143,-18.5615,113.032,-7.6487,-11.9233,110.206,-10.9645,-1.72936,105.281,-0.273144,-24.4475,101.016,0.124246,-4.50509,106.53,-5.63345,-18.5079,101.016,9.6571,-18.3733,101.016,-7.99706,-5.79487,101.016,10.2499,-5.79344,101.016,-6.30417,-18.7473,86.0551,-7.75539,-22.6609,69.5761,-2.67148,-23.6858,86.0551,-1.2091,-10.93,69.5761,3.3367,-5.34964,86.0551,-1.56371,-7.92069,86.0551,6.95286,-19.8897,69.5761,2.98493,-18.8632,86.0551,6.47499,-10.93,69.5761,3.3367,-7.92069,86.0551,6.95286,-10.9269,69.5761,-6.81867,-13.6385,86.0551,-12.6668,-7.94041,86.0551,-7.13045,-15.6183,69.5761,-10.6836,-12.5437,101.016,-12.2599,-5.79487,101.016,10.2499,-2.43519,101.016,-0.31568,-15.9438,65.2957,-9.51666,-19.7948,69.5761,-7.49033,-11.3774,65.2957,3.23053,-9.46343,65.2957,-2.46941,-8.82487,69.5761,-2.93251,-22.133,65.2957,-2.23208,-19.4372,65.2957,-6.61335,-19.0513,62.238,-7.54732,-19.5235,65.2957,2.91071,-11.8604,62.238,1.23524,-11.7683,62.238,-7.0025,-11.5152,65.2957,-6.00269,-11.8604,62.238,1.23524,-11.3774,65.2957,3.23053,-19.1282,62.238,0.949894,-22.001,62.238,-3.63842,-12.119,51.4801,-1.5407,-10.1528,62.238,-3.85016,-20.6026,51.4801,-1.85814,-23.7984,51.4801,-6.96251,-15.9766,62.238,-10.1376,-20.5169,51.4801,-11.3111,-12.119,51.4801,-1.5407,-12.1774,51.4801,-10.705,-17.0594,19.6608,-10.9877,-16.1186,51.4801,-14.1927,-15.3346,19.6608,-3.89428,-15.3346,19.6608,-3.89428,-10.6176,51.4801,-7.19807,-19.635,19.6608,-4.08055,-21.3348,19.6608,-7.07575,-22.6825,14.812,-5.25671,-20.7388,14.812,-8.19715,-19.5895,19.6608,-9.62745,-17.1809,14.812,-10.9122,-14.4815,14.812,-1.01576,-15.2325,19.6608,-9.27179,-13.6854,14.812,-5.44097,-14.3242,19.6608,-7.21398,-20.7418,11.2178,2.79526,-20.8058,14.812,-1.26406,-14.549,11.2178,-7.57011,-14.3563,14.812,-8.18407,-14.4815,14.812,-1.01576,-13.9201,11.2178,-3.37756,-22.8098,11.2178,-3.10526,-20.6873,11.2178,-7.67107,-21.579,6.62572,-6.05369,-22.2442,9.10752,-4.46021,-17.3257,6.62573,-13.4973,-17.1973,11.2178,-11.7398,-21.6007,6.62572,12.7777,-14.6708,11.2178,3.16221,-14.6708,11.2178,3.16221,-12.2656,6.62572,1.61906,-23.8792,6.62572,1.65029,-14.065,6.62572,-5.95984,-17.4739,3.06151,-10.8134,-13.9301,6.62572,13.441,-10.7045,3.06151,4.02685,-24.9572,3.06151,3.95843,-22.4937,3.06151,-2.657,-22.5212,3.06151,18.2287,-13.9301,6.62572,13.441,-17.3494,0.360018,-9.4183,-12.7531,0.360017,16.0375,-12.8114,3.06151,18.3,-12.8076,3.06151,-2.67785,-12.7531,0.360017,16.0375,-12.8114,3.06151,18.3,-22.4307,0.360017,15.3113,-13.997,8.78193,-4.74734,-15.3299,174.164,12.0232,-18.3681,174.164,7.59558,-16.16,166.565,-0.0305219,-8.65595,174.164,-6.41793,-16.1189,174.164,-3.64462,-10.0978,180.303,-7.89803,-9.51391,176.522,22.9125,-8.13802,186.247,14.1094,-23.209,180.372,5.96913,-20.5084,174.164,-0.0672032,-23.209,179.831,-4.68242,-14.0091,184.54,10.8821,-8.71159,191.346,9.92981,-23.209,184.744,-7.07228,-10.8661,185.702,-9.75681,-11.3784,190.925,-8.29634,0,186.831,-11.35,-23.209,193.744,0.230062,-23.209,190.591,6.36744,-8.71159,196.73,3.68962,-23.209,184.95,7.4296,-4.26677,200.01,1.49644,-6.49032,201.236,4.30858,-11.3784,196.73,-5.3754,-11.3784,196.73,-5.3754,-23.209,190.453,-5.34627,-3.73078,200.01,-4.58491,-5.74772,200.01,-2.49839,-3.86262,204.274,-4.2554,-3.73078,200.01,-4.58491,-2.71175,205.363,0.782363,0,200.01,-6.87233,-4.54224,205.506,-2.58962,-13.0351,214.848,2.78882,-11.5929,210.184,-7.08044,-10.9792,210.157,4.1315,-13.0351,214.848,2.78882,-10.9792,210.157,4.1315,-3.61552,214.848,9.69484,-5.61855,206.318,-7.2455,-8.23444,206.68,-3.8064,-4.97656,205.201,5.64378,-8.57734,210.157,-14.2103,-5.61855,206.318,-7.2455,-4.97656,205.201,5.64378,-8.50897,214.848,-22.2067,-14.3084,214.38,-9.33812,-8.57734,210.157,-14.2103,-3.86262,204.274,-4.2554,-15.3487,222.405,1.07754,-9.03099,222.405,-27.321,-19.3604,222.405,-13.6391,-8.50897,214.848,-22.2067,-16.3138,230.149,0.427228,-9.03099,230.149,-29.5581,-20.4632,230.149,-16.1103,-9.03099,222.405,-27.321,-19.8888,237.377,-16.1103,-9.03099,237.377,-29.5581,-9.03099,230.149,-29.5581,-17.0782,237.346,-0.118895,-16.8882,244.89,-15.772,-5.385e-16,237.465,-32.819,-9.03099,237.377,-29.5581,17.2322,240.608,-4.07916,18.1625,240.593,-4.11498,17.0603,247.441,-15.7937,14.7341,247.441,-2.44273,1.26531,247.441,-29.7817,16.3353,231.399,2.78004,19.7001,230.888,-5.11683,19.7001,230.888,-5.11683,20.6305,230.874,-5.15265,-7.07576,222.405,8.87282,-7.5349,230.149,8.94656,0,230.149,10.0293,-7.5349,237.377,8.30119,-7.5349,237.377,8.30119,-6.4934,244.89,5.43411,-14.1248,244.89,-2.42102,-16.3138,230.149,0.427228,-17.0782,237.346,-0.118895,-15.3487,222.405,1.07754,-16.3138,230.149,0.427228,-53.1639,189.856,0.201818,-53.1639,182.46,4.0771,-53.1639,184.593,-4.744,-53.1639,187.914,-3.77486,-23.209,178.179,-0.00634907,-53.1639,182.011,-2.96552,-58.2288,189.931,0.273498,-62.3941,187.864,-3.23495,-62.3737,189.498,0.34318,-58.2288,188.102,-3.45461,-62.392,187.837,4.21965,-58.2288,185.044,5.08681,-58.2288,188.179,4.3767,-62.3904,185.023,4.84977,-91.687,185.528,-2.30916,-62.3941,187.864,-3.23495,-62.4244,184.934,-4.3503,-91.687,183.17,0.22911,-62.4495,182.516,-2.78751,-62.4425,181.709,0.126301,-62.3891,182.778,3.8551,-62.3904,185.023,4.84977,-58.2288,182.5,4.1104,-91.687,183.764,-1.45066,-58.2288,181.281,0.115443,-96.0843,182.912,-2.7006,-91.687,183.958,2.37566,-96.0843,182.73,0.091056,-91.687,187.579,-1.68913,-96.0843,190.053,0.232196,-91.687,188.761,0.314036,-91.687,187.629,2.51874,-96.0843,185.54,4.53038,-91.687,185.602,2.9003,-96.0843,188.364,-3.09692,-95.7385,183.76,3.71269,-98.6858,184.335,-2.7006,-98.8012,184.323,0.091056,-104.634,187.998,-3.45449,-96.0843,185.434,-4.12737,-104.634,188.895,3.44419,-104.634,188.029,3.9894,-99.2978,186.081,4.53038,-104.634,189.306,-0.121829,-104.634,189.379,0.293844,-100.627,185.398,-2.22776,-100.292,183.712,5.68807,-101.796,183.826,7.84073,-100.116,185.399,5.6858,-104.634,189.078,2.25352,-104.634,189.005,2.72792,-96.0843,188.435,3.89626,-18.9018,215.567,-16.0104,-21.5889,222.3,-17.6321,-108.781,188.86,2.61706,-111.11,188.539,3.11737,-108.781,188.768,3.29957,-109.49,188.492,-2.26342,-109.49,187.662,-2.03016,-109.49,188.545,-1.86254,-108.781,187.227,0.744833,-112.928,188.765,0.866204,-108.781,189.112,0.752262,-104.634,187.218,2.25067,-107.729,187.386,-2.10407,-109.49,188.046,-2.86989,-107.729,188.017,-3.27252,-104.634,186.99,0.172492,-107.729,187.365,-1.87396,-104.634,187.163,-1.47203,-104.634,188.978,-1.98289,-104.634,187.218,-1.98617,-104.634,187.326,3.23974,-100.476,185.524,3.23974,-111.11,187.683,2.96744,-111.11,188.599,2.59211,-112.928,187.548,0.860542,-112.928,188.642,1.94299,-111.713,187.503,-0.173189,-111.713,188.651,-1.19749,-111.713,187.584,-1.19529,-111.11,188.067,3.51719,-108.781,187.455,3.10475,-108.781,188.043,3.81908,-108.842,187.201,-0.0928602,-108.842,187.321,-1.38365,-108.781,187.408,2.61901,-107.729,188.836,-1.87084,-112.928,187.636,1.94093,-108.781,187.364,2.1623,-111.713,188.785,-0.177282,-108.842,189.109,-0.0980284,-107.729,188.749,-2.42864,-108.781,188.921,2.16501,-108.842,188.909,-1.38643,-104.634,189.306,0.770884,-104.634,187.054,0.763087,-104.634,189.067,-1.47495,-104.634,187.02,-0.116401,-104.634,188.874,-2.56852,-104.634,187.243,-2.22776,-104.634,187.27,2.72997,-100.63,183.599,7.86506,-101.807,183.036,7.84652,-100.63,182.615,7.85903,-97.7566,183.516,5.7254,-98.0924,184.987,5.66891,-98.9395,184.195,3.65847,-100.833,185.446,0.172492,5.80611,101.016,10.2499,12.8114,3.06151,18.3,22.471,0.360018,-4.14682,10.0987,0.360018,5.81536,3.73078,200.01,-4.58491,10.4209,243.6,7.48591,9.95129,242.669,7.17744,-16.8882,247.441,-15.7937,-8.22224,244.89,-25.5029,-8.22224,247.441,-25.5246,0,237.377,9.48739,-6.4934,247.441,5.41241,-14.1248,247.441,-2.44273,58.2288,189.931,0.273498,62.3948,187.804,-3.26203,62.4034,189.491,0.35637,62.392,187.874,4.21281,58.2288,185.044,5.08681,62.3904,185.053,4.85916,58.2288,188.179,4.3767,58.2288,182.5,4.1104,62.3891,182.764,3.81667,62.3904,185.053,4.85916,-22.471,0.360018,-4.14682,-12.7198,0.360018,-4.09017,-10.0987,0.360018,5.81536,-25.7326,0.360018,5.81637,-14.1248,244.89,-2.42102,-8.22224,244.89,-25.5029,9.48755,247.441,-25.5246,-14.1248,247.441,-2.44273,1.46983e-08,247.441,8.11251,-8.22224,247.441,-25.5246,9.48755,247.441,-25.5246,-53.1639,189.856,0.201818,-53.1639,185.047,5.37027,-53.1639,182.46,4.0771,-53.1639,181.146,0.100707,-53.1639,187.912,4.68985,-109.49,187.649,-1.86478,-111.11,187.653,2.59361,-5.63312,203.544,1.49644,-5.74772,203.599,-3.45813,5.63312,203.544,1.49644,5.74772,203.599,-3.45813,-3.73078,203.599,-5.54465,0,203.599,-7.83208,3.73078,203.599,-5.54465,0,200.285,-7.34836,-5.05584,200.152,-5.50023,-7.78915,200.116,-2.67287,-7.84416,198.357,2.60943,5.05584,200.152,-5.50023,8.7955,194.809,7.90254,7.84416,198.357,2.60943,7.78915,200.116,-2.67287,-8.7955,194.809,7.90254,-57.0925,184.895,5.81599,-57.0913,181.463,4.60642,-57.0939,189.196,5.04973,-57.0925,184.895,5.81599,-57.1236,184.758,-5.3717,-57.0959,189.237,-4.01538,57.0928,184.94,5.82741,57.0943,189.251,5.04142,57.1243,184.709,-5.35277,57.0968,189.144,-4.04831,-57.0772,191.734,0.33578,-57.0959,189.237,-4.01538,-57.1402,179.829,0.0720463,-57.1465,181.063,-3.47128,57.0928,184.94,5.82741,57.0916,181.441,4.55969,57.1405,179.829,0.0720463,57.1047,191.723,0.35182,57.0968,189.144,-4.04831,57.147,181.047,-3.43401,-58.2288,184.93,-4.60855,-58.2288,182.2,-3.01079,-17.2619,223.065,-13.8345,-13.5957,214.697,-9.30591,17.2619,223.065,-13.8345,13.5957,214.697,-9.30591,1.46983e-08,253.521,1.66163,6.01392,253.551,-19.2504,1.46983e-08,253.551,-22.1028,1.46983e-08,256.172,-9.53768,6.90451,253.551,-3.75767,1.46983e-08,256.172,-9.53768,8.33398,253.551,-13.3377,6.01392,253.551,-19.2504,1.46983e-08,256.172,-9.53768,6.90451,253.551,-3.75767,-9.42721,253.551,-13.3377,-7.56045,253.551,-3.75767,-6.01392,253.551,-19.2504,-6.01392,253.551,-19.2504,-7.56045,253.551,-3.75767,20.6305,230.874,-5.15265,15.3198,241.563,-27.1303,12.9901,204.03,-29.4265,6.35002,204.827,-33.633,20.0004,203.045,-6.44695,19.752,220.43,-5.66641,22.1992,203.057,-19.8236,14.5764,204.015,-29.4623,19.07,203.06,-6.41113,21.7062,203.072,-19.7878,18.8216,220.445,-5.63059,16.5197,220.956,2.26627,18.8216,220.445,-5.63059,19.752,220.43,-5.66641,14.7445,202.777,6.10433,19.07,203.06,-6.41113,20.0004,203.045,-6.44695,12.9901,204.03,-29.4265,14.5764,204.015,-29.4623,16.9092,221.4,-28.6818,14.1039,231.246,7.88328,13.7344,230.772,7.45045,12.8435,241.412,4.7061,13.238,201.95,10.4936,15.379,231.068,5.00381]},"normal":{"type":"float32","components":3,"data":[0.289102,0.0716269,0.954588,0,-0.249794,0.968291,0,0.0971404,0.995239,0.377361,0.0935697,0.921293,0.027131,0.0263985,0.999268,0.373424,0.0655232,0.925321,0,-0.150578,0.988586,0.204932,-0.378491,0.902615,0.272469,-0.135716,0.952544,0,-0.379467,0.925199,-0.134709,-0.4944,0.858699,0.467513,-0.335093,0.817988,0.820643,0.175939,0.543626,0.615467,-0.0206,0.787866,0.687918,0.121677,0.715476,0.817225,0.21189,0.535905,0.714652,0.166692,0.679281,0.759239,0.113987,0.640706,0.895779,-0.0874356,0.435743,0.694632,0.00537123,0.719321,0.956084,0.24012,-0.168004,0.942991,0.293527,-0.156682,0.862148,0.253212,0.438765,0.920652,0.298135,0.2519,0.880551,0.251869,0.40144,0.921659,0.114505,0.370647,0.84109,-0.123051,-0.526658,0.560289,-0.028962,-0.827784,0.53383,0.145207,-0.833003,0.472915,0.454573,-0.754784,0.561266,0.41615,-0.715354,0.929411,0.339488,-0.144566,0.925687,0.341411,-0.162847,0.322367,0.258095,-0.910733,0.224281,-0.0806604,-0.97116,0.284341,-0.0961027,-0.953887,0.271676,-0.24781,-0.929899,0.46202,-0.229987,-0.856502,0.891903,-0.225898,0.391736,0.867306,-0.28544,-0.407788,0.688986,-0.164983,0.70571,0,0.0661946,0.997803,-0.000244148,0.343486,-0.939146,0,-0.0352488,-0.999359,0,-0.288125,-0.957579,0,-0.205481,-0.978637,0,0.14893,-0.98883,-0.000122074,0.617603,-0.786462,0.287454,0.566607,-0.77221,0.297037,0.538072,-0.788812,0,0.452284,-0.891842,0.31193,0.0185857,0.949919,-0.000457778,0.599262,-0.800501,-0.000244148,0.343486,-0.939146,0.867,0.236183,-0.438704,0.415662,-0.272347,0.867733,0.610797,0.112339,0.783746,-0.134709,-0.4944,0.858699,0.705588,-0.00149544,0.708609,0.550127,-0.0421766,0.83401,0.98703,0.0968047,-0.128025,0.67626,0.0194403,-0.736381,0.132908,-0.155736,-0.97879,0,-0.683981,-0.729453,0,-0.764122,0.645039,-0.674062,-0.733665,-0.0855434,0.998108,-0.0409558,-0.0458083,0.687124,0.0294809,-0.725913,0,-0.997711,-0.0674459,0,-0.683981,-0.729453,-0.537187,-0.524003,-0.660878,0.466109,-0.14066,0.87344,-0.0421155,0.0585651,-0.997375,-0.535569,-0.171087,0.82693,-0.763909,-0.0740074,-0.641011,0.741172,0.0184942,-0.671041,0.99353,-0.081637,-0.0786462,0.746971,-0.0732749,-0.660787,-0.979461,-0.186621,-0.0762352,-0.565722,-0.180578,0.804529,-0.560869,-0.264077,0.784631,0.997803,-0.0432142,-0.0496231,0.56505,-0.111118,0.817499,0.496567,-0.160955,0.852901,-0.565722,-0.180578,0.804529,-0.00613422,-0.0382091,-0.999237,-0.753471,-0.195257,-0.627796,-0.804712,-0.109989,-0.583361,0.00585955,-0.17243,-0.984985,-0.560869,-0.264077,0.784631,0.8446,-0.0751976,0.530076,-0.980804,-0.171422,-0.0928373,0.0242622,-0.0347911,-0.999084,-0.510117,-0.292825,0.808679,0.490402,-0.282083,0.824549,-0.776818,-0.050264,-0.627674,-0.981628,-0.187201,-0.0367443,-0.510117,-0.292825,0.808679,0.989837,-0.13242,0.0514542,0.758354,-0.0258492,-0.651295,0.702811,0.226112,-0.674459,0.0102542,0.289407,-0.957121,-0.551317,-0.396954,0.733757,0.490463,-0.35078,0.797723,-0.760521,0.156224,-0.630207,-0.551317,-0.396954,0.733757,0.996551,0.0697653,-0.0443129,-0.991729,-0.0661336,-0.109806,-0.610431,-0.176,0.77221,0.530534,-0.106876,0.840877,0.994079,0.0624409,-0.0886258,0.676626,0.123966,-0.725791,-0.0703146,0.118076,-0.990509,-0.610431,-0.176,0.77221,-0.792077,0.0490128,-0.608417,-0.127415,-0.0592059,-0.990051,-0.613666,0.200018,0.763756,0.528398,0.247291,0.812159,-0.805109,-0.0460219,-0.591296,-0.992248,-0.0515152,-0.113041,-0.613666,0.200018,0.763756,0.991119,0.0730918,-0.111026,0.664785,-0.0366527,-0.746086,0.986908,0.140507,-0.0788903,0.737815,-0.0646687,-0.671865,-0.0734581,-0.0112002,-0.997223,-0.676687,0.4756,0.561998,0.557543,0.549181,0.622486,-0.866604,-0.0584429,-0.495499,-0.998444,0.0531938,-0.0157475,-0.676687,0.4756,0.561998,0.506302,0.738823,0.444685,-0.929289,-0.0220649,-0.368664,-0.995972,0.0813013,-0.0371715,-0.557909,0.731681,0.391522,0.990295,0.132481,-0.0417188,0.830714,-0.0134586,-0.556505,-0.084048,0.299326,-0.950407,0.93466,-0.0227363,-0.354717,-0.0471206,-0.172857,-0.983795,-0.557909,0.731681,0.391522,0.50795,0.776574,0.372662,-0.937712,-0.040498,-0.345012,-0.944639,0.322489,-0.0600909,-0.476302,0.790094,0.385785,0.961119,0.273568,-0.0372936,-0.0214545,-0.517258,-0.855525,-0.877712,-0.436232,-0.198187,-0.966124,0.24723,-0.0738243,-0.544572,0.122105,0.829768,0.973174,0.217292,-0.0751976,0.819117,-0.521714,-0.23838,0.894375,-0.11774,-0.431471,-0.476302,0.790094,0.385785,0.554491,0.0833765,0.827967,-0.0400708,-0.712271,-0.700736,-0.551408,-0.73809,0.388714,0.532579,-0.778436,0.332163,-0.820154,-0.560808,0.113193,-0.551408,-0.73809,0.388714,0.843532,-0.537034,0.00122072,-0.979003,0.0755028,-0.189215,-0.996246,0.0111087,-0.085696,-0.976287,-0.187445,-0.108066,0.760979,-0.0714744,0.644795,0.836024,-0.409223,0.365459,0,-0.270608,-0.962676,0.284494,-0.264992,-0.921293,0.401715,-0.40904,-0.8193,0.219672,-0.335215,-0.916166,0.25248,-0.644307,-0.721824,0.460829,0.0937223,0.882504,0.291177,0.568682,0.76925,0,-0.24543,-0.96939,0.782037,-0.592334,-0.19367,0.447066,-0.524186,0.724784,0.433637,0.220191,0.873745,0.556749,-0.830622,0.00732441,0,0.667867,0.744255,0,0.638386,0.769707,0.153844,0.646657,0.747063,0.155644,-0.0850245,-0.98413,0.199683,-0.0448927,-0.97882,0.21955,0.344279,-0.912809,0.223426,0.580432,-0.783013,0,0.322306,-0.946623,0.252113,0.967681,-0.00198366,0.252876,0.838862,0.481979,0.20716,0.597156,0.774865,0,0.467605,-0.883908,0.332865,0.790674,-0.51381,0.221198,-0.0587482,0.973449,0.276315,0.858333,0.432295,-0.0052797,0.73986,0.67272,0.332865,0.790674,-0.51381,0,0.428388,0.903592,0.23368,0.765923,-0.598926,0.336467,0.941649,0.007355,0.767541,-0.326945,-0.551317,0.776147,-0.630512,0.00415049,0.577502,-0.682821,0.447401,0,-0.852535,0.522629,0,-0.277383,-0.960753,0.767541,-0.326945,-0.551317,0.74221,-0.66097,-0.110447,0.856014,-0.237251,0.459273,0.750023,-0.434828,0.498367,0.856014,-0.237251,0.459273,0.468215,-0.201697,0.860256,0.750023,-0.434828,0.498367,0.343059,-0.881252,-0.325083,0.74221,-0.66097,-0.110447,0.532212,-0.842433,-0.0838344,0.750023,-0.434828,0.498367,0.395856,-0.779595,0.485275,0,-0.850063,-0.526627,0.46617,-0.792596,-0.393017,0.343059,-0.881252,-0.325083,0.395856,-0.779595,0.485275,0,-0.479232,0.877651,0,-0.742424,0.669881,0,-0.877682,-0.479171,0.466842,-0.660756,-0.587725,0.46617,-0.792596,-0.393017,0.854946,-0.518448,-0.0159612,0,-0.742424,0.669881,0.854946,-0.518448,-0.0159612,0.868801,-0.146886,0.472823,0,-0.721885,-0.691977,0.544267,-0.384075,-0.745811,0.466842,-0.660756,-0.587725,0.947569,-0.319254,0.0124515,0.870693,0.0251472,0.491165,0.868801,-0.146886,0.472823,0,-0.455916,-0.88998