{"model":{"version":3,"nodes":[{"name":"RootNode","position":[0,0,0],"rotation":[0,0,0],"scale":[0.01,0.01,0.01],"scaleCompensation":false},{"name":"chibi","position":[0,165,0],"rotation":[2.50448e-06,-0,0],"scale":[75.2663,75.2663,75.2663],"scaleCompensation":false},{"name":"credencial","position":[0.00369114,-0.116308,0.274591],"rotation":[-9.88637,2.10516,0.225606],"scale":[0.082433,0.0613514,0.0613514],"scaleCompensation":false},{"name":"bincha","position":[0.000971999,1.01488,0.114931],"rotation":[-3.74694,2.71947e-17,8.31393e-16],"scale":[0.177787,0.0512589,1.32862],"scaleCompensation":false},{"name":"mixamorig:Hips","position":[0,129.287,0.436889],"rotation":[0,0,0],"scale":[1,1,1],"scaleCompensation":false},{"name":"mixamorig:Spine","position":[0,12.6791,-0.0308836],"rotation":[-0.13952,-0.000450464,0.0145288],"scale":[1,1,1],"scaleCompensation":false},{"name":"mixamorig:Spine1","position":[0,14.7924,0],"rotation":[0,0,0],"scale":[1,1,1],"scaleCompensation":false},{"name":"mixamorig:Spine2","position":[0,16.9055,0],"rotation":[0,0,0],"scale":[1,1,1],"scaleCompensation":false},{"name":"mixamorig:Neck","position":[0,19.0187,1.06063e-07],"rotation":[0.13956,-4.82189e-12,-2.60669e-11],"scale":[1,1,1],"scaleCompensation":false},{"name":"mixamorig:Head","position":[0,4.91649,-7.38141],"rotation":[0,0,0],"scale":[1,1,1],"scaleCompensation":false},{"name":"mixamorig:HeadTop_End","position":[0,19.9176,-29.9035],"rotation":[0,0,0],"scale":[1,1,1],"scaleCompensation":false},{"name":"mixamorig:LeftShoulder","position":[7.65483,17.2429,-0.00507109],"rotation":[103.243,90.0368,0.674255],"scale":[1,1,1],"scaleCompensation":false},{"name":"mixamorig:LeftArm","position":[0,15.8231,0],"rotation":[-12.5709,-0.0129622,0.0405472],"scale":[1,1,1],"scaleCompensation":false},{"name":"mixamorig:LeftForeArm","position":[-2.22045e-16,34.0625,0],"rotation":[-3.90961e-05,0.00161882,3.39349e-05],"scale":[1,1,1],"scaleCompensation":false},{"name":"mixamorig:LeftHand","position":[0,34.347,0],"rotation":[0.0235288,-1.76796,2.86432e-05],"scale":[1,1,1],"scaleCompensation":false},{"name":"mixamorig:LeftHandThumb1","position":[-2.06005,3.46774,1.1734],"rotation":[27.6542,-1.41479,39.1383],"scale":[1,1,1],"scaleCompensation":false},{"name":"mixamorig:LeftHandThumb2","position":[0.555843,3.31428,0],"rotation":[-0.0175423,0.127296,-17.3698],"scale":[1,1,1],"scaleCompensation":false},{"name":"mixamorig:LeftHandThumb3","position":[-0.378836,2.74751,0],"rotation":[-0.0499622,0.642159,3.4032],"scale":[1,1,1],"scaleCompensation":false},{"name":"mixamorig:LeftHandThumb4","position":[-0.177007,2.27623,0],"rotation":[0,0,0],"scale":[1,1,1],"scaleCompensation":false},{"name":"mixamorig:LeftHandIndex1","position":[1.77636e-15,12.6489,-0.0052332],"rotation":[-0.0222544,-0.148527,-0.486601],"scale":[1,1,1],"scaleCompensation":false},{"name":"mixamorig:LeftHandIndex2","position":[-0.0219734,2.59019,-2.84217e-14],"rotation":[8.31453e-05,-0.0273018,0.30364],"scale":[1,1,1],"scaleCompensation":false},{"name":"mixamorig:LeftHandIndex3","position":[-0.00757606,2.37963,2.84217e-14],"rotation":[0.00060285,0.042649,0.988226],"scale":[1,1,1],"scaleCompensation":false},{"name":"mixamorig:LeftHandIndex4","position":[0.0295495,2.09888,0],"rotation":[0,0,0],"scale":[1,1,1],"scaleCompensation":false},{"name":"mixamorig:RightShoulder","position":[-7.65483,17.2429,-0.00357976],"rotation":[103.362,-90.0257,-0.76741],"scale":[1,1,1],"scaleCompensation":false},{"name":"mixamorig:RightArm","position":[0,15.8231,2.84217e-14],"rotation":[-12.5709,0.01327,-0.0292345],"scale":[1,1,1],"scaleCompensation":false},{"name":"mixamorig:RightForeArm","position":[0,34.0625,2.84217e-14],"rotation":[1.65571e-05,-0.00352607,-1.25236e-05],"scale":[1,1,1],"scaleCompensation":false},{"name":"mixamorig:RightHand","position":[1.11022e-16,34.347,0],"rotation":[0.00133248,1.38577,-1.83721e-05],"scale":[1,1,1],"scaleCompensation":false},{"name":"mixamorig:RightHandThumb1","position":[2.14851,3.43803,1.20878],"rotation":[27.5342,0.782122,-38.6157],"scale":[1,1,1],"scaleCompensation":false},{"name":"mixamorig:RightHandThumb2","position":[-0.506884,3.34625,0],"rotation":[-0.0222465,-0.215652,14.5101],"scale":[1,1,1],"scaleCompensation":false},{"name":"mixamorig:RightHandThumb3","position":[0.286657,2.77619,2.84217e-14],"rotation":[-0.00236453,-0.0249884,-0.421613],"scale":[1,1,1],"scaleCompensation":false},{"name":"mixamorig:RightHandThumb4","position":[0.220227,2.29759,-2.84217e-14],"rotation":[0,0,0],"scale":[1,1,1],"scaleCompensation":false},{"name":"mixamorig:RightHandIndex1","position":[0,12.6533,-0.000250457],"rotation":[0.00131705,0.210455,0.714766],"scale":[1,1,1],"scaleCompensation":false},{"name":"mixamorig:RightHandIndex2","position":[0.0320562,2.57288,2.84217e-14],"rotation":[0.000155654,0.0106536,-0.00282121],"scale":[1,1,1],"scaleCompensation":false},{"name":"mixamorig:RightHandIndex3","position":[0.0302614,2.43817,2.84217e-14],"rotation":[0.00140568,-0.0476643,-2.35716],"scale":[1,1,1],"scaleCompensation":false},{"name":"mixamorig:RightHandIndex4","position":[-0.0623176,2.16914,0],"rotation":[0,0,0],"scale":[1,1,1],"scaleCompensation":false},{"name":"mixamorig:LeftUpLeg","position":[13.4528,-7.05303,0.149709],"rotation":[-0.959249,0.131431,179.984],"scale":[1,1,1],"scaleCompensation":false},{"name":"mixamorig:LeftLeg","position":[-3.55271e-15,57.1861,0],"rotation":[-1.70274,0.000993639,0.054954],"scale":[1,1,1],"scaleCompensation":false},{"name":"mixamorig:LeftFoot","position":[0,51.271,0],"rotation":[53.8646,-9.92493,2.27917],"scale":[1,1,1],"scaleCompensation":false},{"name":"mixamorig:LeftToeBase","position":[0,19.3043,1.77636e-15],"rotation":[36.4759,-0.0836955,3.16788e-07],"scale":[1,1,1],"scaleCompensation":false},{"name":"mixamorig:LeftToe_End","position":[0,6.90042,-2.22045e-16],"rotation":[0,0,0],"scale":[1,1,1],"scaleCompensation":false},{"name":"mixamorig:RightUpLeg","position":[-13.4528,-7.05303,0.22282],"rotation":[-0.850748,-0.130714,-179.956],"scale":[1,1,1],"scaleCompensation":false},{"name":"mixamorig:RightLeg","position":[0,57.1868,1.77636e-15],"rotation":[-2.01394,-0.0013875,-0.0542017],"scale":[1,1,1],"scaleCompensation":false},{"name":"mixamorig:RightFoot","position":[0,51.2841,0],"rotation":[54.0169,9.90531,-2.3035],"scale":[1,1,1],"scaleCompensation":false},{"name":"mixamorig:RightToeBase","position":[0,19.2864,-1.77636e-15],"rotation":[36.5597,-0.154823,1.71097e-06],"scale":[1,1,1],"scaleCompensation":false},{"name":"mixamorig:RightToe_End","position":[-3.55271e-15,7.0224,-2.22045e-16],"rotation":[0,0,0],"scale":[1,1,1],"scaleCompensation":false}],"parents":[-1,0,1,1,0,4,5,6,7,8,9,7,11,12,13,14,15,16,17,14,19,20,21,7,23,24,25,26,27,28,29,26,31,32,33,4,35,36,37,38,4,40,41,42,43],"skins":[{"inverseBindMatrices":[[1,-0,-0,0,-0,0.999997,0.00243578,0,0,-0.00243578,0.999997,0,-0,-173.663,-0.751804,1],[1,-0,0,0,0,1,-0,0,0,0,1,0,-0,-129.287,-0.436889,1],[1,-0,-0,0,-0,0.999997,0.00243578,0,0,-0.00243578,0.999997,0,-0,-141.965,-0.751803,1],[1,-0,-0,0,-0,0.999997,0.00243578,0,0,-0.00243578,0.999997,0,-0,-156.758,-0.751804,1],[-0.999179,-0.0405109,-3.03577e-18,0,0.0404473,-0.997611,-0.0560115,0,0.00226907,-0.0559655,0.99843,0,-18.3873,121.434,6.18786,1],[-0.999179,0.0405114,2.1684e-18,0,-0.0404482,-0.997622,-0.0558039,0,-0.00226069,-0.0557581,0.998442,0,18.3872,121.431,6.23547,1],[-0.999135,0.0415712,-0.0006978,0,-0.0415123,-0.998374,-0.0390534,0,-0.00232016,-0.0389907,0.999237,0,18.4558,64.3213,5.15668,1],[-0.984627,0.16103,0.0676671,0,-0.0475626,-0.61994,0.783207,0,0.168069,0.767948,0.618068,0,19.0647,9.32789,-9.32978,1],[-0.984527,0.170567,-0.0401617,0,-0.0464185,-0.0328526,0.998382,0,0.168972,0.984798,0.0402618,0,19.0511,-13.585,-1.59372,1],[-0.000652057,0.975067,-0.221908,0,-0.00244041,-0.221909,-0.975064,0,-0.999997,-9.4252e-05,0.00252426,0,0.752606,34.9001,187.845,1],[0.00122625,0.998408,-0.0563897,0,-0.00286787,-0.056386,-0.998405,0,-0.999995,0.00138601,0.00279416,0,0.789354,-12.4805,188.398,1],[1,-0,0,0,0,1,-0,0,0,0,1,0,-0,-192.683,-0.28247,1],[1,-0,0,0,0,1,-0,0,0,0,1,0,-0,-197.6,7.09894,1],[0.000407606,0.999922,0.0124582,0,-0.00282164,0.0124593,-0.999918,0,-0.999996,0.00037242,0.0028265,0,0.827516,-59.3982,184.748,1],[0.00915369,0.986172,0.16547,0,-0.0329178,0.165685,-0.985629,0,-0.999416,0.00357523,0.0339792,0,5.62259,-120.974,168.09,1],[0.649142,0.758915,-0.0515961,0,0.0829123,-0.138019,-0.986953,0,-0.756135,0.636395,-0.152517,0,-75.2062,-48.0934,188.247,1],[-0.031047,0.997657,0.0609625,0,-0.0396432,0.0597148,-0.997428,0,-0.998731,-0.0333839,0.0376963,0,11.0639,-114.879,181.172,1],[-0.031047,0.99931,-0.0204099,0,-0.0396432,-0.0216348,-0.99898,0,-0.998731,-0.0302062,0.0402875,0,11.0859,-102.34,190.128,1],[0.649142,0.742378,-0.1658,0,0.0829123,-0.285723,-0.954719,0,-0.756135,0.606001,-0.247027,0,-75.762,-22.3406,193.858,1],[0.649142,0.755651,-0.0872143,0,0.0829123,-0.184261,-0.979374,0,-0.756135,0.628522,-0.182265,0,-75.3832,-45.234,190.168,1],[-0.031047,0.987178,-0.156577,0,-0.0396432,-0.157745,-0.986684,0,-0.998731,-0.0244264,0.0440324,0,11.0935,-77.7967,202.639,1],[-0.999136,-0.0415607,0.000454366,0,0.0414979,-0.99812,-0.0451028,0,0.00232801,-0.0450449,0.998982,0,-18.455,64.2919,5.48535,1],[-0.984669,-0.161179,-0.0666903,0,0.0485614,-0.620518,0.782687,0,-0.167535,0.76745,0.618832,0,-19.1188,9.52271,-9.14694,1],[-0.984846,-0.167605,0.0445774,0,0.0506762,-0.0322865,0.998193,0,-0.165863,0.985325,0.0402908,0,-19.1435,-13.2602,-1.48979,1],[-0.000458596,-0.975067,0.221908,0,0.0024398,-0.221909,-0.975064,0,0.999997,9.42514e-05,0.00248074,0,-0.752501,34.9,187.845,1],[0.0012545,-0.998408,0.0563897,0,0.00282967,-0.0563859,-0.998405,0,0.999995,0.00141206,0.00275443,0,-0.786016,-12.4805,188.398,1],[-0.000528059,-0.999922,-0.0124608,0,0.00272899,0.0124593,-0.999919,0,0.999996,-0.000562022,0.0027222,0,-0.869113,-59.3979,184.748,1],[0.010144,-0.98463,-0.174359,0,0.0259326,0.174568,-0.984304,0,0.999612,0.00546324,0.0273049,0,-4.20681,-122.485,167.034,1],[-0.0211868,-0.999727,-0.00980778,0,0.0314733,0.00913818,-0.999463,0,0.99928,-0.0214841,0.0312712,0,-8.50408,-105.577,186.98,1],[0.653549,-0.755489,0.045929,0,-0.0949388,-0.142029,-0.985299,0,0.750906,0.639581,-0.164548,0,77.8056,-47.0587,187.422,1],[0.653549,-0.738862,0.164183,0,-0.0949388,-0.295231,-0.950697,0,0.750906,0.60574,-0.263095,0,78.3125,-20.2994,193.017,1],[-0.0211868,-0.999762,0.00511365,0,0.0314733,-0.00577923,-0.999488,0,0.99928,-0.021015,0.0315883,0,-8.53613,-105.347,188.574,1],[-0.0211868,-0.994037,0.106969,0,0.0314733,-0.107603,-0.993696,0,0.99928,-0.0176866,0.0335654,0,-8.56639,-88.0077,198.576,1],[0.653549,-0.739581,0.160913,0,-0.0949388,-0.291023,-0.951994,0,0.750906,0.606898,-0.260413,0,78.0258,-23.9292,192.913,1]],"boneNames":["mixamorig:Spine2","mixamorig:Hips","mixamorig:Spine","mixamorig:Spine1","mixamorig:RightUpLeg","mixamorig:LeftUpLeg","mixamorig:LeftLeg","mixamorig:LeftFoot","mixamorig:LeftToeBase","mixamorig:LeftShoulder","mixamorig:LeftArm","mixamorig:Neck","mixamorig:Head","mixamorig:LeftForeArm","mixamorig:LeftHand","mixamorig:LeftHandThumb1","mixamorig:LeftHandIndex1","mixamorig:LeftHandIndex2","mixamorig:LeftHandThumb2","mixamorig:LeftHandThumb3","mixamorig:LeftHandIndex3","mixamorig:RightLeg","mixamorig:RightFoot","mixamorig:RightToeBase","mixamorig:RightShoulder","mixamorig:RightArm","mixamorig:RightForeArm","mixamorig:RightHand","mixamorig:RightHandIndex1","mixamorig:RightHandThumb1","mixamorig:RightHandThumb2","mixamorig:RightHandIndex2","mixamorig:RightHandIndex3","mixamorig:RightHandThumb3"]},{"inverseBindMatrices":[[1,-0,-0,0,-0,0.999997,0.00243578,0,0,-0.00243578,0.999997,0,-0,-173.663,-0.751804,1],[1,-0,0,0,0,1,-0,0,0,0,1,0,-0,-129.287,-0.436889,1],[1,-0,-0,0,-0,0.999997,0.00243578,0,0,-0.00243578,0.999997,0,-0,-141.965,-0.751803,1],[1,-0,-0,0,-0,0.999997,0.00243578,0,0,-0.00243578,0.999997,0,-0,-156.758,-0.751804,1],[1,-0,0,0,0,1,-0,0,0,0,1,0,-0,-192.683,-0.28247,1],[1,-0,0,0,0,1,-0,0,0,0,1,0,-0,-197.6,7.09894,1]],"boneNames":["mixamorig:Spine2","mixamorig:Hips","mixamorig:Spine","mixamorig:Spine1","mixamorig:Neck","mixamorig:Head"]},{"inverseBindMatrices":[[1,-0,0,0,0,1,-0,0,0,0,1,0,-0,-197.6,7.09894,1]],"boneNames":["mixamorig:Head"]}],"morphs":[],"vertices":[{"position":{"type":"float32","components":3,"data":[5.45934,157.62,17.9945,0,166.565,16.5657,-0.0023381,157.62,17.9945,7.03737,147.032,19.1227,5.96792,144.143,19.2075,7.31774,144.143,19.1863,0.00355908,127.978,19.7309,8.10128,119.972,17.7585,8.80273,127.978,19.5869,0.00355908,119.972,17.7585,4.51395,108.557,10.9696,15.5626,119.972,14.5711,19.5097,127.978,11.3607,14.8633,127.978,16.1936,13.0581,134.696,16.3364,13.3829,144.142,11.6113,10.7352,144.143,16.2183,10.1599,147.032,16.1971,13.3565,157.62,10.1941,9.40793,157.62,14.9302,25.095,123.081,-0.185184,23.3564,127.978,-0.1969,16.919,134.696,10.9031,16.016,144.142,1.68925,14.0099,144.142,10.785,13.2824,147.032,10.7638,15.5412,157.62,-0.0260946,15.6769,119.972,-12.1545,14.3161,127.978,-13.9458,12.5368,134.696,-10.6907,15.3052,144.148,-1.59047,20.3564,134.696,-0.10278,16.5742,144.142,0.0153463,7.82588,147.032,-2.68011,6.13745,157.62,-2.62352,10.8393,157.62,-1.32481,7.61242,166.565,-4.81024,13.0067,166.565,-2.42038,15.8281,166.565,9.1306,16.16,166.565,-0.0305219,12.4074,166.565,12.8482,0.003559,147.032,19.4014,0.003559,147.032,-5.39676,-0.0023381,157.62,-3.59873,0,166.565,-5.8724,0.00355908,119.972,-16.5448,0.00355908,127.978,-17.1131,0.003559,142.929,-7.91718,4.34246,144.191,-5.71661,8.6573,144.174,-3.87781,0.00355904,134.696,-13.7557,8.31747,134.696,19.5407,0.003559,144.209,-7.20612,0.003559,147.032,-5.39676,15.6482,147.032,0.0365353,8.59534,165.966,16.6406,9.96546,144.143,16.7055,4.51395,108.557,10.9696,21.1146,119.972,11.2788,21.5578,109.489,10.9901,26.208,116.804,-0.06305,20.1366,112.14,-8.46758,12.9385,109.075,-12.063,0.00355908,109.17,-10.6124,0.00355908,108.354,10.8224,1.82408,104.196,-0.355708,26.519,99.1104,-0.0390837,19.2885,99.7205,-8.4604,0.00355904,104.304,-0.435807,0.00355908,109.17,-10.6124,4.8947,105.089,-6.28238,19.4298,99.7205,10.0641,13.1715,99.7205,-12.9334,6.09,99.7205,10.6862,6.08851,99.7205,-6.68406,19.8192,84.1189,-8.24244,22.8205,69.5693,-2.66739,19.9339,69.5693,-7.52081,5.66026,84.1189,-1.69891,11.0055,69.5693,3.38388,8.37741,84.1189,7.30162,25.0384,84.1189,-1.32415,20.0294,69.5693,3.02959,19.9417,84.1189,6.79659,11.0055,69.5693,3.38388,14.4202,84.1189,-13.4329,11.0024,69.5693,-6.84433,8.39825,84.1189,-7.58198,15.7274,69.5693,-10.737,8.37741,84.1189,7.30162,23.1856,84.1189,1.62794,2.5647,99.7205,-0.400341,16.0553,65.2582,-9.56167,11.4561,65.2582,3.27695,19.6606,65.2582,2.95483,11.5949,65.2582,-6.02249,9.52841,65.2582,-2.46387,11.4561,65.2582,3.27695,22.2889,65.2582,-2.22484,19.5738,65.2582,-6.63754,19.185,62.1785,-7.57821,16.0882,62.1785,-10.1871,11.9426,62.1785,1.26735,19.2625,62.1785,0.979956,11.8499,62.1785,-7.02948,11.9426,62.1785,1.26735,22.1559,62.1785,-3.64127,10.2227,62.1785,-3.85453,12.119,51.4801,-1.5407,20.6026,51.4801,-1.85814,23.7984,51.4801,-6.96251,20.5169,51.4801,-11.3111,16.1186,51.4801,-14.1927,12.119,51.4801,-1.5407,12.1774,51.4801,-10.705,17.0594,19.6608,-10.9877,15.3346,19.6608,-3.89428,19.635,19.6608,-4.08055,15.2325,19.6608,-9.27179,10.6176,51.4801,-7.19807,15.3346,19.6608,-3.89428,21.3348,19.6608,-7.07575,19.5895,19.6608,-9.62745,22.6825,14.812,-5.25671,20.7388,14.812,-8.19715,17.1809,14.812,-10.9122,14.4815,14.812,-1.01576,20.8058,14.812,-1.26406,14.3563,14.812,-8.18407,13.6854,14.812,-5.44097,14.4815,14.812,-1.01576,20.7418,11.2178,2.79526,14.549,11.2178,-7.57011,13.9201,11.2178,-3.37756,14.6708,11.2178,3.16221,22.8098,11.2178,-3.10526,20.6873,11.2178,-7.67107,17.1973,11.2178,-11.7398,22.2442,9.10752,-4.46021,17.3257,6.62573,-13.4973,14.6708,11.2178,3.16221,21.6007,6.62572,12.7777,14.065,6.62572,-5.95984,12.2656,6.62572,1.61906,13.9301,6.62572,13.441,23.8792,6.62572,1.65029,17.4739,3.06151,-10.8134,12.8076,3.06151,-2.67785,10.7045,3.06151,4.02685,12.8114,3.06151,18.3,24.9572,3.06151,3.95843,22.4937,3.06151,-2.657,21.579,6.62572,-6.05369,13.9301,6.62572,13.441,22.5212,3.06151,18.2287,17.3494,0.360018,-9.4183,12.7531,0.360017,16.0375,22.4307,0.360017,15.3113,12.7198,0.360018,-4.09017,12.7531,0.360017,16.0375,25.7326,0.360018,5.81637,13.997,8.78193,-4.74734,14.3242,19.6608,-7.21398,8.88526,69.5693,-2.9303,15.976,174.164,12.0232,18.3681,174.164,7.59558,0,174.164,-8.54225,8.65595,174.164,-6.41793,16.1189,174.164,-3.64462,10.0978,180.303,-7.89803,23.209,179.831,-4.68242,8.54413,176.522,27.2854,8.63397,186.847,14.0346,0,180.724,-10.2879,20.5084,174.164,-0.0672032,23.209,180.372,5.96913,14.0091,184.54,10.8821,23.209,178.179,-0.00634907,0,191.179,9.94149,0,184.671,14.5239,8.71159,191.346,9.92981,23.209,184.744,-7.07228,10.8661,185.702,-9.75681,11.3784,190.925,-8.29634,23.209,190.453,-5.34627,0,191.744,-10.5534,23.209,193.744,0.230062,8.71159,196.73,3.68962,23.209,190.591,6.36744,0,196.73,-8.0308,11.3784,196.73,-5.3754,23.209,184.95,7.4296,6.49032,201.236,4.30858,4.26677,200.01,1.49644,11.3784,196.73,-5.3754,0,200.01,3.49635,3.73078,200.01,-4.58491,5.74772,200.01,-2.49839,3.86262,204.274,-4.2554,4.54224,205.506,-2.58962,2.71175,205.363,0.782363,0,204.774,3.14723,0,203.302,-6.53783,3.86262,204.274,-4.2554,11.5929,210.184,-7.08044,13.0351,214.848,2.78882,10.9792,210.157,4.1315,13.0351,214.848,2.78882,3.61552,214.848,9.69484,10.9792,210.157,4.1315,5.61855,206.318,-7.2455,11.5929,210.184,-7.08044,8.23444,206.68,-3.8064,10.9792,210.157,4.1315,4.97656,205.201,5.64378,0,206.318,-8.94743,8.57734,210.157,-14.2103,5.61855,206.318,-7.2455,4.97656,205.201,5.64378,0,212.372,9.89629,0,205.096,7.36643,0,210.157,-17.3405,8.50897,214.848,-22.2067,8.57734,210.157,-14.2103,14.3084,214.38,-9.33812,0,205.096,7.36643,14.3084,214.38,-9.33812,15.3487,222.405,1.07754,0,214.848,-24.7673,9.03099,222.405,-27.321,8.50897,214.848,-22.2067,19.3604,222.405,-13.6391,16.3138,230.149,0.427228,15.3487,222.405,1.07754,0,222.405,-31.0338,9.03099,230.149,-29.5581,9.03099,222.405,-27.321,20.4632,230.149,-16.1103,19.8888,237.377,-16.1103,17.0782,237.346,-0.118895,16.8882,244.89,-15.772,14.1248,244.89,-2.42102,9.03099,237.377,-31.4033,0,244.89,-29.76,8.22224,244.89,-25.5029,9.03099,237.377,-31.4033,9.42721,251,-13.3159,7.56045,251,-3.73596,0,251,-22.0811,6.01392,251,-19.2287,8.22224,244.89,-25.5029,0,253.621,-9.51597,0,253.621,-9.51597,6.01392,251,-19.2287,0,250.971,1.68334,7.56045,251,-3.73596,0,253.621,-9.51597,7.07576,222.405,8.87282,7.5349,230.149,8.94656,0,222.405,10.0079,0,237.377,9.48739,7.5349,237.377,8.30119,-1.21943e-16,244.341,7.40197,7.5349,237.377,8.30119,6.4934,244.89,5.43411,14.1248,244.89,-2.42102,17.0782,237.346,-0.118895,16.3138,230.149,0.427228,15.3487,222.405,1.07754,16.3138,230.149,0.427228,0,218.349,10.1411,0,216.205,13.3778,53.1639,189.839,0.558024,53.1639,187.785,-3.81401,53.1639,182.68,4.32173,53.1639,185.047,5.37027,53.1639,182.68,4.32173,53.1639,184.705,-4.79821,53.1639,181.973,-2.85944,53.1639,189.839,0.558024,53.1639,188.04,4.66576,53.1639,181.146,0.100707,58.2288,184.93,-4.60855,62.3948,187.804,-3.26203,62.4248,184.902,-4.33474,58.2288,188.102,-3.45461,58.2288,181.281,0.115443,62.4496,182.506,-2.75686,62.4425,181.709,0.126301,58.2288,182.2,-3.01079,91.687,185.528,-2.30916,96.0843,182.912,-2.7006,91.687,183.764,-1.45066,91.687,183.958,2.37566,96.0843,182.73,0.091056,95.7385,183.76,3.71269,91.687,187.579,-1.68913,96.0843,190.053,0.232196,96.0843,188.364,-3.09692,91.687,187.629,2.51874,96.0843,185.54,4.53038,96.0843,188.435,3.89626,96.0843,185.434,-4.12737,91.687,183.17,0.22911,91.687,188.761,0.314036,91.687,185.602,2.9003,98.6858,184.335,-2.7006,98.8012,184.323,0.091056,104.634,187.998,-3.45449,99.2978,186.081,4.53038,104.634,188.029,3.9894,104.634,188.895,3.44419,104.634,189.306,-0.121829,104.634,189.067,-1.47495,100.627,185.398,-2.22776,100.292,183.712,5.68807,101.796,183.826,7.84073,101.807,183.036,7.84652,104.634,189.005,2.72792,104.634,189.078,2.25352,18.9018,215.567,-16.0104,21.5889,222.3,-17.6321,108.781,188.86,2.61706,111.11,188.539,3.11737,111.11,188.599,2.59211,109.49,188.492,-2.26342,109.49,188.545,-1.86254,109.49,187.662,-2.03016,108.781,187.227,0.744833,112.928,188.765,0.866204,112.928,187.548,0.860542,104.634,187.218,2.25067,104.634,187.27,2.72997,107.729,187.386,-2.10407,109.49,188.046,-2.86989,104.634,186.99,0.172492,104.634,189.379,0.293844,104.634,187.054,0.763087,107.729,187.365,-1.87396,109.49,187.649,-1.86478,104.634,188.978,-1.98289,104.634,187.163,-1.47203,104.634,187.218,-1.98617,100.476,185.524,3.23974,104.634,187.326,3.23974,111.11,188.067,3.51719,111.11,187.683,2.96744,112.928,188.642,1.94299,112.928,187.636,1.94093,111.713,188.651,-1.19749,111.713,187.503,-0.173189,111.713,187.584,-1.19529,108.781,187.455,3.10475,108.781,188.043,3.81908,108.842,187.201,-0.0928602,108.781,187.408,2.61901,111.11,187.653,2.59361,107.729,188.836,-1.87084,108.781,187.364,2.1623,111.713,188.785,-0.177282,108.842,189.109,-0.0980284,107.729,188.749,-2.42864,107.729,188.017,-3.27252,108.781,188.768,3.29957,108.781,188.921,2.16501,108.842,188.909,-1.38643,108.842,187.321,-1.38365,108.781,189.112,0.752262,104.634,189.306,0.770884,104.634,187.02,-0.116401,104.634,188.874,-2.56852,104.634,187.243,-2.22776,100.63,183.599,7.86506,100.63,182.615,7.85903,97.7566,183.516,5.7254,100.116,185.399,5.6858,98.0924,184.987,5.66891,98.9395,184.195,3.65847,100.833,185.446,0.172492,-5.46402,157.62,17.9945,-8.59534,165.966,16.6406,-5.96119,144.144,19.2074,-7.03025,147.032,19.1227,0.003559,144.143,19.4437,-8.09416,119.972,17.7585,-8.79561,127.978,19.5869,-4.50683,108.557,10.9696,-19.5026,127.978,11.3607,-15.5555,119.972,14.5711,-14.8561,127.978,16.1936,-10.1528,147.032,16.1971,-13.3757,144.144,11.6106,-10.7277,144.144,16.2183,-13.2753,147.032,10.7638,-13.3612,157.62,10.1941,-9.4126,157.62,14.9302,-25.0879,123.081,-0.185184,-21.1075,119.972,11.2788,-16.0085,144.144,1.68764,-14.0022,144.144,10.785,-15.6411,147.032,0.0365353,-15.5459,157.62,-0.0260946,-23.3493,127.978,-0.1969,-15.6698,119.972,-12.1545,-12.5297,134.696,-10.6907,-20.3493,134.696,-0.10278,-15.3206,144.27,-1.48392,-16.5017,144.275,0.0168423,-16.5662,144.144,0.0153675,-6.14213,157.62,-2.62352,-7.81876,147.032,-2.68011,-10.844,157.62,-1.32481,-7.61242,166.565,-4.81024,-13.0067,166.565,-2.42038,-15.8281,166.565,9.1306,-12.4074,166.565,12.8482,-14.309,127.978,-13.9458,-4.40205,144.226,-5.65846,-8.61903,144.243,-3.83292,-16.9119,134.696,10.9031,-13.051,134.696,16.3364,-8.31035,134.696,19.5407,0.00355904,134.696,19.68,-7.3105,144.144,19.1862,-9.95846,144.144,16.7052,-4.50683,108.557,10.9696,-21.5507,109.489,10.9901,-26.2009,116.804,-0.06305,-20.1295,112.14,-8.46758,-12.9314,109.075,-12.063,-1.81696,104.196,-0.355708,-26.5119,99.1104,-0.0390837,-4.88758,105.089,-6.28238,-19.4227,99.7205,10.0641,-19.2814,99.7205,-8.4604,-6.08289,99.7205,10.6862,-6.08139,99.7205,-6.68406,-19.8179,84.1189,-8.24244,-22.8263,69.5693,-2.66739,-25.037,84.1189,-1.32415,-11.0113,69.5693,3.38388,-5.65889,84.1189,-1.69891,-8.37605,84.1189,7.30162,-20.0353,69.5693,3.02959,-19.9404,84.1189,6.79659,-11.0113,69.5693,3.38388,-8.37605,84.1189,7.30162,-11.0082,69.5693,-6.84433,-14.4188,84.1189,-13.4329,-8.39689,84.1189,-7.58198,-15.7332,69.5693,-10.737,-13.1644,99.7205,-12.9334,-6.08289,99.7205,10.6862,-2.55759,99.7205,-0.400341,-16.0611,65.2582,-9.56167,-19.9397,69.5693,-7.52081,-11.4619,65.2582,3.27695,-9.53422,65.2582,-2.46387,-8.89107,69.5693,-2.9303,-22.2947,65.2582,-2.22484,-19.5796,65.2582,-6.63754,-19.1908,62.1785,-7.57821,-19.6665,65.2582,2.95483,-11.9484,62.1785,1.26735,-11.8557,62.1785,-7.02948,-11.6007,65.2582,-6.02249,-11.9484,62.1785,1.26735,-11.4619,65.2582,3.27695,-19.2683,62.1785,0.979956,-22.1617,62.1785,-3.64127,-12.119,51.4801,-1.5407,-10.2285,62.1785,-3.85453,-20.6026,51.4801,-1.85814,-23.7984,51.4801,-6.96251,-16.0941,62.1785,-10.1871,-20.5169,51.4801,-11.3111,-12.119,51.4801,-1.5407,-12.1774,51.4801,-10.705,-17.0594,19.6608,-10.9877,-16.1186,51.4801,-14.1927,-15.3346,19.6608,-3.89428,-15.3346,19.6608,-3.89428,-10.6176,51.4801,-7.19807,-19.635,19.6608,-4.08055,-21.3348,19.6608,-7.07575,-22.6825,14.812,-5.25671,-20.7388,14.812,-8.19715,-19.5895,19.6608,-9.62745,-17.1809,14.812,-10.9122,-14.4815,14.812,-1.01576,-15.2325,19.6608,-9.27179,-13.6854,14.812,-5.44097,-14.3242,19.6608,-7.21398,-20.7418,11.2178,2.79526,-20.8058,14.812,-1.26406,-14.549,11.2178,-7.57011,-14.3563,14.812,-8.18407,-14.4815,14.812,-1.01576,-13.9201,11.2178,-3.37756,-22.8098,11.2178,-3.10526,-20.6873,11.2178,-7.67107,-21.579,6.62572,-6.05369,-22.2442,9.10752,-4.46021,-17.3257,6.62573,-13.4973,-17.1973,11.2178,-11.7398,-21.6007,6.62572,12.7777,-14.6708,11.2178,3.16221,-14.6708,11.2178,3.16221,-12.2656,6.62572,1.61906,-23.8792,6.62572,1.65029,-14.065,6.62572,-5.95984,-17.4739,3.06151,-10.8134,-13.9301,6.62572,13.441,-10.7045,3.06151,4.02685,-24.9572,3.06151,3.95843,-22.4937,3.06151,-2.657,-22.5212,3.06151,18.2287,-13.9301,6.62572,13.441,-17.3494,0.360018,-9.4183,-12.7531,0.360017,16.0375,-12.8114,3.06151,18.3,-12.8076,3.06151,-2.67785,-12.7531,0.360017,16.0375,-12.8114,3.06151,18.3,-22.4307,0.360017,15.3113,-13.997,8.78193,-4.74734,-15.976,174.164,12.0232,-18.3681,174.164,7.59558,-16.16,166.565,-0.0305219,-8.65595,174.164,-6.41793,-16.1189,174.164,-3.64462,-10.0978,180.303,-7.89803,-8.54413,176.522,27.2854,-8.63397,186.847,14.0346,-23.209,180.372,5.96913,-20.5084,174.164,-0.0672032,-23.209,179.831,-4.68242,-14.0091,184.54,10.8821,-8.71159,191.346,9.92981,-23.209,184.744,-7.07228,-10.8661,185.702,-9.75681,-11.3784,190.925,-8.29634,0,186.831,-11.35,-23.209,193.744,0.230062,-23.209,190.591,6.36744,-8.71159,196.73,3.68962,-23.209,184.95,7.4296,-4.26677,200.01,1.49644,-6.49032,201.236,4.30858,-11.3784,196.73,-5.3754,-11.3784,196.73,-5.3754,-23.209,190.453,-5.34627,-3.73078,200.01,-4.58491,-5.74772,200.01,-2.49839,-3.86262,204.274,-4.2554,-3.73078,200.01,-4.58491,-2.71175,205.363,0.782363,0,200.01,-6.87233,-4.54224,205.506,-2.58962,-13.0351,214.848,2.78882,-11.5929,210.184,-7.08044,-10.9792,210.157,4.1315,-13.0351,214.848,2.78882,-10.9792,210.157,4.1315,-3.61552,214.848,9.69484,-5.61855,206.318,-7.2455,-8.23444,206.68,-3.8064,-4.97656,205.201,5.64378,-8.57734,210.157,-14.2103,-5.61855,206.318,-7.2455,-4.97656,205.201,5.64378,-8.50897,214.848,-22.2067,-14.3084,214.38,-9.33812,-8.57734,210.157,-14.2103,-3.86262,204.274,-4.2554,-15.3487,222.405,1.07754,-9.03099,222.405,-27.321,-19.3604,222.405,-13.6391,-8.50897,214.848,-22.2067,-16.3138,230.149,0.427228,-9.03099,230.149,-29.5581,-20.4632,230.149,-16.1103,-9.03099,222.405,-27.321,-19.8888,237.377,-16.1103,-9.03099,201.865,-31.4856,-9.03099,192.755,-31.4856,1.34859e-16,201.865,-35.4325,1.34859e-16,192.755,-35.4325,-17.0782,237.346,-0.118895,-16.8882,244.89,-15.772,-20.4632,192.755,-20.0116,-20.4632,201.865,-20.0116,-9.03099,192.755,-33.4595,-9.03099,201.865,-33.4595,-9.03099,237.377,-31.4033,-14.1248,244.89,-2.42102,-9.42721,251,-13.3159,-8.22224,244.89,-25.5029,-8.22224,244.89,-25.5029,-7.56045,251,-3.73596,-6.01392,251,-19.2287,-6.01392,251,-19.2287,-7.07576,222.405,8.87282,-7.5349,230.149,8.94656,0,230.149,10.0293,-7.5349,237.377,8.30119,-7.5349,237.377,8.30119,-6.4934,244.89,5.43411,-7.56045,251,-3.73596,-14.1248,244.89,-2.42102,-16.3138,230.149,0.427228,-17.0782,237.346,-0.118895,-15.3487,222.405,1.07754,-16.3138,230.149,0.427228,-53.1639,189.856,0.201818,-53.1639,182.46,4.0771,-53.1639,184.593,-4.744,-53.1639,187.914,-3.77486,-23.209,178.179,-0.00634907,-53.1639,182.011,-2.96552,-58.2288,189.931,0.273498,-62.3941,187.864,-3.23495,-62.3737,189.498,0.34318,-58.2288,188.102,-3.45461,-62.392,187.837,4.21965,-58.2288,185.044,5.08681,-58.2288,188.179,4.3767,-62.3904,185.023,4.84977,-91.687,185.528,-2.30916,-62.3941,187.864,-3.23495,-62.4244,184.934,-4.3503,-91.687,183.17,0.22911,-62.4495,182.516,-2.78751,-62.4425,181.709,0.126301,-62.3891,182.778,3.8551,-62.3904,185.023,4.84977,-58.2288,182.5,4.1104,-91.687,183.764,-1.45066,-58.2288,181.281,0.115443,-96.0843,182.912,-2.7006,-91.687,183.958,2.37566,-96.0843,182.73,0.091056,-91.687,187.579,-1.68913,-96.0843,190.053,0.232196,-91.687,188.761,0.314036,-91.687,187.629,2.51874,-96.0843,185.54,4.53038,-91.687,185.602,2.9003,-96.0843,188.364,-3.09692,-95.7385,183.76,3.71269,-98.6858,184.335,-2.7006,-98.8012,184.323,0.091056,-104.634,187.998,-3.45449,-96.0843,185.434,-4.12737,-104.634,188.895,3.44419,-104.634,188.029,3.9894,-99.2978,186.081,4.53038,-104.634,189.306,-0.121829,-104.634,189.379,0.293844,-100.627,185.398,-2.22776,-100.292,183.712,5.68807,-101.796,183.826,7.84073,-100.116,185.399,5.6858,-104.634,189.078,2.25352,-104.634,189.005,2.72792,-96.0843,188.435,3.89626,-18.9018,215.567,-16.0104,-21.5889,222.3,-17.6321,-108.781,188.86,2.61706,-111.11,188.539,3.11737,-108.781,188.768,3.29957,-109.49,188.492,-2.26342,-109.49,187.662,-2.03016,-109.49,188.545,-1.86254,-108.781,187.227,0.744833,-112.928,188.765,0.866204,-108.781,189.112,0.752262,-104.634,187.218,2.25067,-107.729,187.386,-2.10407,-109.49,188.046,-2.86989,-107.729,188.017,-3.27252,-104.634,186.99,0.172492,-107.729,187.365,-1.87396,-104.634,187.163,-1.47203,-104.634,188.978,-1.98289,-104.634,187.218,-1.98617,-104.634,187.326,3.23974,-100.476,185.524,3.23974,-111.11,187.683,2.96744,-111.11,188.599,2.59211,-112.928,187.548,0.860542,-112.928,188.642,1.94299,-111.713,187.503,-0.173189,-111.713,188.651,-1.19749,-111.713,187.584,-1.19529,-111.11,188.067,3.51719,-108.781,187.455,3.10475,-108.781,188.043,3.81908,-108.842,187.201,-0.0928602,-108.842,187.321,-1.38365,-108.781,187.408,2.61901,-107.729,188.836,-1.87084,-112.928,187.636,1.94093,-108.781,187.364,2.1623,-111.713,188.785,-0.177282,-108.842,189.109,-0.0980284,-107.729,188.749,-2.42864,-108.781,188.921,2.16501,-108.842,188.909,-1.38643,-104.634,189.306,0.770884,-104.634,187.054,0.763087,-104.634,189.067,-1.47495,-104.634,187.02,-0.116401,-104.634,188.874,-2.56852,-104.634,187.243,-2.22776,-104.634,187.27,2.72997,-100.63,183.599,7.86506,-101.807,183.036,7.84652,-100.63,182.615,7.85903,-97.7566,183.516,5.7254,-98.0924,184.987,5.66891,-98.9395,184.195,3.65847,-100.833,185.446,0.172492,6.09,99.7205,10.6862,12.8114,3.06151,18.3,22.471,0.360018,-4.14682,10.0987,0.360018,5.81536,3.73078,200.01,-4.58491,0,230.149,-33.505,9.03099,230.149,-29.5581,-0.0388479,237.377,-34.0394,-9.03099,237.377,-31.4033,20.4632,201.865,-20.0116,20.4632,215.703,-18.061,20.4632,201.865,-18.0378,20.4632,215.703,-20.0348,0,237.377,9.48739,58.2288,189.931,0.273498,62.3948,187.804,-3.26203,62.4034,189.491,0.35637,62.392,187.874,4.21281,58.2288,185.044,5.08681,62.3904,185.053,4.85916,58.2288,188.179,4.3767,58.2288,182.5,4.1104,62.3891,182.764,3.81667,62.3904,185.053,4.85916,-22.471,0.360018,-4.14682,-12.7198,0.360018,-4.09017,-10.0987,0.360018,5.81536,-25.7326,0.360018,5.81637,-9.03099,230.149,-29.5581,-20.4632,192.755,-18.0378,-9.03099,201.865,-31.4856,-20.4632,201.865,-18.0378,-9.03099,192.755,-31.4856,-20.4632,201.865,-20.0116,-20.4632,192.755,-20.0116,-20.4632,201.865,-18.0378,-20.4632,192.755,-18.0378,-53.1639,189.856,0.201818,-53.1639,185.047,5.37027,-53.1639,182.46,4.0771,-53.1639,181.146,0.100707,-53.1639,187.912,4.68985,-109.49,187.649,-1.86478,-111.11,187.653,2.59361,-5.63312,203.544,1.49644,-5.74772,203.599,-3.45813,5.63312,203.544,1.49644,5.74772,203.599,-3.45813,-3.73078,203.599,-5.54465,0,203.599,-7.83208,3.73078,203.599,-5.54465,0,200.285,-7.34836,-5.05584,200.152,-5.50023,-7.78915,200.116,-2.67287,-7.84416,198.357,2.60943,5.05584,200.152,-5.50023,8.7955,194.809,7.90254,7.84416,198.357,2.60943,7.78915,200.116,-2.67287,-8.7955,194.809,7.90254,-57.0925,184.895,5.81599,-57.0913,181.463,4.60642,-57.0939,189.196,5.04973,-57.0925,184.895,5.81599,-57.1236,184.758,-5.3717,-57.0959,189.237,-4.01538,57.0928,184.94,5.82741,57.0943,189.251,5.04142,57.1243,184.709,-5.35277,57.0968,189.144,-4.04831,-57.0772,191.734,0.33578,-57.0959,189.237,-4.01538,-57.1402,179.829,0.0720463,-57.1465,181.063,-3.47128,57.0928,184.94,5.82741,57.0916,181.441,4.55969,57.1405,179.829,0.0720463,57.1047,191.723,0.35182,57.0968,189.144,-4.04831,57.147,181.047,-3.43401,-58.2288,184.93,-4.60855,-58.2288,182.2,-3.01079,-17.2619,223.065,-13.8345,-13.5957,214.697,-9.30591,17.2619,223.065,-13.8345,13.5957,214.697,-9.30591,-20.4632,215.703,-20.0348,-20.4632,215.748,-18.1256,17.0782,237.346,-0.118895,7.5349,237.377,8.30119,10.9092,235.876,7.01258,-20.4632,230.149,-16.1103,-20.4632,215.703,-20.0348,-20.4632,215.748,-18.1256,20.4632,215.703,-18.061,20.4632,215.703,-20.0348,20.4632,230.149,-16.1103,0,230.149,-35.4789,9.03099,230.149,-31.532,9.03099,230.149,-31.532,-9.03099,230.149,-31.532,-9.03099,230.149,-31.532,20.4632,201.865,-20.0116,9.03099,201.865,-33.4595,20.4632,215.703,-20.0348,9.03099,215.703,-33.4827,-20.4632,215.703,-20.0348,-9.03099,215.703,-33.4827,1.34859e-16,201.865,-37.4064,9.03099,215.703,-33.4827,9.03099,201.865,-33.4595,9.61766e-32,215.703,-37.4296,-9.03099,201.865,-33.4595,-9.03099,215.703,-33.4827,1.34859e-16,192.755,-35.4325,1.34859e-16,181.215,-35.4325,9.03099,192.755,-31.4856,9.03099,181.215,-31.4856,-20.4632,181.215,-20.0116,-20.4632,181.215,-18.0378,-20.4632,181.215,-20.0116,-9.03099,181.215,-33.4595,20.4632,181.215,-18.0378,20.4632,192.755,-18.0378,9.03099,181.215,-31.4856,9.03099,192.755,-31.4856,1.34859e-16,192.755,-37.4064,-9.03099,192.755,-33.4595,20.4632,192.755,-18.0378,20.4632,201.865,-20.0116,20.4632,201.865,-18.0378,20.4632,192.755,-20.0116,20.4632,192.755,-18.0378,20.4632,201.865,-18.0378,9.03099,192.755,-31.4856,9.03099,201.865,-31.4856,20.4632,192.755,-20.0116,9.03099,192.755,-33.4595,1.34859e-16,201.865,-35.4325,1.34859e-16,192.755,-35.4325,9.03099,201.865,-31.4856,9.03099,192.755,-31.4856,9.03099,192.755,-33.4595,20.4632,164.968,-20.0117,9.03099,181.215,-33.4595,20.4632,181.215,-20.0116,9.03099,164.968,-33.4595,-9.03099,164.968,-33.4595,-9.03099,181.215,-33.4595,1.34859e-16,164.968,-37.4064,1.34859e-16,181.215,-37.4064,1.34859e-16,164.968,-35.4325,9.03099,181.215,-31.4856,1.34859e-16,181.215,-35.4325,9.03099,164.968,-31.4856,-20.4632,164.968,-20.0117,-20.4632,164.968,-18.0378,-20.4632,181.215,-18.0378,-9.03099,192.755,-31.4856,-20.4632,192.755,-18.0378,-9.03099,181.215,-31.4856,20.4632,181.215,-18.0378,20.4632,181.215,-20.0116,9.03099,181.215,-33.4595,-9.03099,192.755,-31.4856,-9.03099,181.215,-31.4856,1.34859e-16,192.755,-35.4325,1.34859e-16,181.215,-35.4325,-21.4744,150.651,-20.8991,-9.03099,164.968,-31.4856,-20.4632,164.968,-18.0378,-9.47855,150.651,-35.0098,21.4697,150.651,-22.9703,9.47388,150.651,-37.081,-0.0023381,150.651,-41.2226,-9.47855,150.651,-37.081,1.34859e-16,164.968,-35.4325,-0.0023381,150.651,-39.1514,9.03099,164.968,-31.4856,9.47388,150.651,-35.0098,-20.4632,164.968,-18.0378,-9.03099,181.215,-31.4856,-20.4632,181.215,-18.0378,-9.03099,164.968,-31.4856,20.4632,164.968,-18.0378,20.4632,164.968,-20.0117,9.03099,164.968,-33.4595,-9.03099,164.968,-31.4856,1.34859e-16,181.215,-35.4325,-9.03099,181.215,-31.4856,1.34859e-16,164.968,-35.4325,20.4632,164.968,-18.0378,20.4632,181.215,-18.0378,9.03099,164.968,-31.4856,9.03099,181.215,-31.4856,-20.4632,164.968,-20.0117,-9.03099,164.968,-33.4595,-0.0023381,150.651,-39.1514,-9.47855,150.651,-37.081,-0.0023381,150.651,-41.2226,-9.47855,150.651,-35.0098,-9.47855,150.651,-35.0098,-21.4744,150.651,-22.9703,-9.47855,150.651,-37.081,-21.4744,150.651,-20.8991,9.47388,150.651,-37.081,9.47388,150.651,-35.0098,21.4697,150.651,-22.9703,21.4697,150.651,-20.8991,21.4697,150.651,-20.8991,20.4632,164.968,-20.0117,20.4632,164.968,-18.0378,21.4697,150.651,-22.9703,9.47388,150.651,-37.081,-9.03099,164.968,-31.4856,-0.0023381,150.651,-39.1514,1.34859e-16,164.968,-35.4325,-9.47855,150.651,-35.0098,21.4697,150.651,-20.8991,9.03099,164.968,-31.4856,9.47388,150.651,-35.0098,20.4632,164.968,-18.0378,-21.4744,150.651,-22.9703,-9.47855,150.651,-37.081,-20.4632,164.968,-20.0117,-21.4744,150.651,-20.8991,-20.4632,164.968,-18.0378,-21.4744,150.651,-22.9703,-11.0429,235.706,6.80491,-9.07562,217.233,13.2343,-10.9569,217.244,12.1708,-20.4632,215.748,-18.1256,-9.03099,201.865,-31.4856,-9.03099,215.748,-31.5734,-20.4632,201.865,-18.0378,20.4632,215.703,-18.061,9.03099,201.865,-31.4856,20.4632,201.865,-18.0378,9.03099,215.748,-31.5734,-9.03099,215.748,-31.5734,1.34859e-16,201.865,-35.4325,3.21757e-15,215.748,-35.5204,-9.03099,201.865,-31.4856,3.21757e-15,215.748,-35.5204,9.03099,201.865,-31.4856,9.03099,215.748,-31.5734,1.34859e-16,201.865,-35.4325,0,230.149,-33.505,-9.03099,230.149,-29.5581,-9.03099,215.748,-31.5734,3.21757e-15,215.748,-35.5204,9.03099,230.149,-29.5581,0,230.149,-33.505,3.21757e-15,215.748,-35.5204,9.03099,215.748,-31.5734,-20.4632,230.149,-16.1103,-20.4632,215.748,-18.1256,-9.03099,230.149,-29.5581,-9.03099,215.748,-31.5734,20.4632,215.703,-18.061,9.03099,230.149,-29.5581,9.03099,215.748,-31.5734,20.4632,230.149,-16.1103,10.9092,235.876,7.01258,8.48334,217.092,13.3636,10.2977,217.09,12.4509,7.5349,237.377,8.30119,-3.04369e-16,236.006,10.2466,7.5349,237.377,8.30119,-1.52185e-15,229.429,11.2799,7.41994,229.413,10.5692,-1.52185e-15,229.429,11.2799,-7.5349,237.377,8.30119,-7.41994,229.413,10.5692,-10.8489,195.475,13.4652,10.2977,217.09,12.4509,8.48334,217.092,13.3636,9.55304,195.382,13.4967]},"normal":{"type":"float32","components":3,"data":[0.278664,0.109958,0.954039,0,-0.332499,0.943083,0,0.144719,0.989441,0.377361,0.0935697,0.921293,0.027131,0.0263985,0.999268,0.373424,0.0655232,0.925321,0,-0.112522,0.993622,0.204932,-0.378491,0.902615,0.275552,-0.0929289,0.956755,0,-0.379467,0.925199,-0.134526,-0.502915,0.853786,0.467513,-0.335093,0.817988,0.812006,0.224677,0.538621,0.615864,0.0273751,0.787347,0.681692,0.169195,0.711783,0.817225,0.21189,0.535905,0.714652,0.166692,0.679281,0.759239,0.113987,0.640706,0.89584,-0.0632039,0.439802,0.69863,0.0242927,0.715018,0.956084,0.24012,-0.168004,0.926725,0.34199,-0.155522,0.848445,0.304056,0.43321,0.920652,0.298135,0.2519,0.880551,0.251869,0.40144,0.921659,0.114505,0.370647,0.847468,-0.0993988,-0.521409,0.560289,-0.028962,-0.827784,0.530412,0.191168,-0.825892,0.45439,0.505417,-0.733512,0.561266,0.41615,-0.715354,0.906919,0.396924,-0.141087,0.925687,0.341411,-0.162847,0.322367,0.258095,-0.910733,0.224097,-0.0870998,-0.970641,0.285928,-0.0974761,-0.953246,0.269387,-0.252113,-0.929411,0.457869,-0.223334,-0.860469,0.897336,-0.221076,0.38197,0.873135,-0.258583,-0.41319,0.719443,-0.184179,0.669637,0,0.0661946,0.997803,-0.000244148,0.343486,-0.939146,-3.05185e-05,-0.0411694,-0.999146,0,-0.293893,-0.955809,0,-0.205481,-0.978637,0,0.193732,-0.981048,-0.000457778,0.56682,-0.823817,0.279061,0.554369,-0.784051,0.291208,0.535234,-0.792871,0,0.509201,-0.860622,0.309488,0.061098,0.948912,-0.00103763,0.509995,-0.860164,-0.000244148,0.343486,-0.939146,0.867,0.236183,-0.438704,0.478774,-0.307688,0.82223,0.610797,0.112339,0.783746,-0.134526,-0.502915,0.853786,0.705588,-0.00149544,0.708609,0.548326,-0.0614948,0.833979,0.98703,0.0968047,-0.128025,0.674245,0.0030824,-0.738456,0.146031,-0.176946,-0.973296,0,-0.691397,-0.722434,0,-0.774621,0.632405,-0.664541,-0.743553,-0.0739769,0.995605,-0.0751976,-0.0554216,0.666524,-0.00299078,-0.745445,0,-0.998047,-0.0619831,0,-0.691397,-0.722434,-0.549577,-0.527879,-0.647511,0.429884,-0.166753,0.887326,-0.0512101,0.0379651,-0.997955,-0.539384,-0.181524,0.82223,-0.763451,-0.0852382,-0.640187,0.741508,-0.0105289,-0.670827,0.9888,-0.124577,-0.0819117,0.744407,-0.104862,-0.659413,-0.978088,-0.193701,-0.075869,-0.569262,-0.200385,0.797327,-0.55385,-0.27955,0.784234,0.993378,-0.0992462,-0.0575579,0.558184,-0.149144,0.816187,0.491348,-0.196234,0.848537,-0.569262,-0.200385,0.797327,0.0028077,-0.0638752,-0.997925,-0.753533,-0.20539,-0.62447,-0.802667,-0.118686,-0.58446,0.00186163,-0.204718,-0.97879,-0.55385,-0.27955,0.784234,0.839839,-0.129765,0.527085,-0.980377,-0.174596,-0.0911893,0.0242622,-0.0347911,-0.999084,-0.510117,-0.292825,0.808679,0.490402,-0.282083,0.824549,-0.776849,-0.050264,-0.627674,-0.981628,-0.187201,-0.0367443,-0.510117,-0.292825,0.808679,0.989837,-0.13242,0.0514542,0.758354,-0.0258492,-0.651295,0.703696,0.221931,-0.674917,0.0126957,0.2884,-0.957396,-0.55034,-0.397015,0.734458,0.490799,-0.354381,0.795923,-0.759972,0.15900