{"model":{"version":3,"nodes":[{"name":"RootNode","position":[0,0,0],"rotation":[0,0,0],"scale":[0.01,0.01,0.01],"scaleCompensation":false},{"name":"chibi","position":[0,165,0],"rotation":[2.50448e-06,-0,0],"scale":[75.2663,75.2663,75.2663],"scaleCompensation":false},{"name":"credencial","position":[0.00369114,-0.116308,0.274591],"rotation":[-9.88637,2.10516,0.225606],"scale":[0.082433,0.0613514,0.0613514],"scaleCompensation":false},{"name":"mixamorig:Hips","position":[0,128.946,-0.199814],"rotation":[0,0,0],"scale":[1,1,1],"scaleCompensation":false},{"name":"mixamorig:Spine","position":[0,12.966,0.127685],"rotation":[1.78938,0.680301,1.3616],"scale":[1,1,1],"scaleCompensation":false},{"name":"mixamorig:Spine1","position":[0,15.1277,0],"rotation":[0,0,0],"scale":[1,1,1],"scaleCompensation":false},{"name":"mixamorig:Spine2","position":[0,17.2888,0],"rotation":[0,0,0],"scale":[1,1,1],"scaleCompensation":false},{"name":"mixamorig:Neck","position":[0,19.4499,-3.32129e-08],"rotation":[-10.9306,0.154502,-0.375716],"scale":[1,1,1],"scaleCompensation":false},{"name":"mixamorig:Head","position":[0,13.1685,-6.33507],"rotation":[0,0,0],"scale":[1,1,1],"scaleCompensation":false},{"name":"mixamorig:HeadTop_End","position":[0,41.0096,-19.7288],"rotation":[0,0,0],"scale":[1,1,1],"scaleCompensation":false},{"name":"mixamorig:LeftShoulder","position":[7.26494,17.185,0.0426303],"rotation":[121.869,83.215,3.98573],"scale":[1,1,1],"scaleCompensation":false},{"name":"mixamorig:LeftArm","position":[0,15.4246,0],"rotation":[53.7364,11.0139,21.4027],"scale":[1,1,1],"scaleCompensation":false},{"name":"mixamorig:LeftForeArm","position":[2.22045e-16,36.1438,0],"rotation":[-0.105243,-0.639024,8.51004],"scale":[1,1,1],"scaleCompensation":false},{"name":"mixamorig:LeftHand","position":[0,33.7537,-2.84217e-14],"rotation":[-14.7256,-16.1828,20.4267],"scale":[1,1,1],"scaleCompensation":false},{"name":"mixamorig:LeftHandThumb1","position":[-2.20493,3.26815,1.15379],"rotation":[22.8504,-2.04046,22.388],"scale":[1,1,1],"scaleCompensation":false},{"name":"mixamorig:LeftHandThumb2","position":[0.288903,3.27349,-2.84217e-14],"rotation":[-2.50811,0.730424,-28.0469],"scale":[1,1,1],"scaleCompensation":false},{"name":"mixamorig:LeftHandThumb3","position":[-0.490338,2.487,-2.84217e-14],"rotation":[0.0375938,0.354508,17.2028],"scale":[1,1,1],"scaleCompensation":false},{"name":"mixamorig:LeftHandThumb4","position":[0.201434,1.90018,2.84217e-14],"rotation":[0,0,0],"scale":[1,1,1],"scaleCompensation":false},{"name":"mixamorig:LeftHandIndex1","position":[-2.77556e-17,12.1977,-0.00401155],"rotation":[14.3578,-6.40616,-12.7875],"scale":[1,1,1],"scaleCompensation":false},{"name":"mixamorig:LeftHandIndex2","position":[-0.0247328,2.59052,0],"rotation":[11.3392,0.621659,-1.10862],"scale":[1,1,1],"scaleCompensation":false},{"name":"mixamorig:LeftHandIndex3","position":[-0.0214187,2.38447,0],"rotation":[0.000388432,0.0183896,1.83882],"scale":[1,1,1],"scaleCompensation":false},{"name":"mixamorig:LeftHandIndex4","position":[0.0461515,1.99802,-2.84217e-14],"rotation":[0,0,0],"scale":[1,1,1],"scaleCompensation":false},{"name":"mixamorig:RightShoulder","position":[-7.26494,17.1846,0.00198305],"rotation":[128.051,-86.3598,-12.9407],"scale":[1,1,1],"scaleCompensation":false},{"name":"mixamorig:RightArm","position":[2.22045e-16,15.4246,0],"rotation":[55.9847,-19.2428,-23.8484],"scale":[1,1,1],"scaleCompensation":false},{"name":"mixamorig:RightForeArm","position":[-2.22045e-16,36.1436,0],"rotation":[-0.101558,0.991702,-9.99469],"scale":[1,1,1],"scaleCompensation":false},{"name":"mixamorig:RightHand","position":[0,33.7537,2.84217e-14],"rotation":[-28.9904,25.2005,-20.2943],"scale":[1,1,1],"scaleCompensation":false},{"name":"mixamorig:RightHandThumb1","position":[2.16613,3.24888,1.06295],"rotation":[20.1286,5.44045,-24.2115],"scale":[1,1,1],"scaleCompensation":false},{"name":"mixamorig:RightHandThumb2","position":[-0.508894,3.19725,2.84217e-14],"rotation":[0.3304,-1.15667,32.3819],"scale":[1,1,1],"scaleCompensation":false},{"name":"mixamorig:RightHandThumb3","position":[0.363431,2.66171,0],"rotation":[-0.0179863,-0.268117,-3.94233],"scale":[1,1,1],"scaleCompensation":false},{"name":"mixamorig:RightHandThumb4","position":[0.145463,2.17225,2.84217e-14],"rotation":[0,0,0],"scale":[1,1,1],"scaleCompensation":false},{"name":"mixamorig:RightHandIndex1","position":[6.66134e-16,12.1575,-0.00106749],"rotation":[14.3677,6.36728,8.66418],"scale":[1,1,1],"scaleCompensation":false},{"name":"mixamorig:RightHandIndex2","position":[0.0409087,2.65066,2.84217e-14],"rotation":[5.2385,-0.0892011,0.446606],"scale":[1,1,1],"scaleCompensation":false},{"name":"mixamorig:RightHandIndex3","position":[0.0359185,2.48553,0],"rotation":[0.00254325,-0.071948,-2.82276],"scale":[1,1,1],"scaleCompensation":false},{"name":"mixamorig:RightHandIndex4","position":[-0.0768273,2.20447,0],"rotation":[0,0,0],"scale":[1,1,1],"scaleCompensation":false},{"name":"mixamorig:LeftUpLeg","position":[15.4207,-7.21361,-1.56734],"rotation":[13.7074,-3.58256,-173.276],"scale":[1,1,1],"scaleCompensation":false},{"name":"mixamorig:LeftLeg","position":[3.55271e-15,57.0875,0],"rotation":[-18.1107,0.171615,1.16649],"scale":[1,1,1],"scaleCompensation":false},{"name":"mixamorig:LeftFoot","position":[0,51.6092,0],"rotation":[51.4095,-28.7501,-2.58734],"scale":[1,1,1],"scaleCompensation":false},{"name":"mixamorig:LeftToeBase","position":[0,18.3439,3.55271e-15],"rotation":[37.3089,-3.45373,1.0897],"scale":[1,1,1],"scaleCompensation":false},{"name":"mixamorig:LeftToe_End","position":[0,6.72169,0],"rotation":[0,0,0],"scale":[1,1,1],"scaleCompensation":false},{"name":"mixamorig:RightUpLeg","position":[-15.4207,-7.21361,-1.48758],"rotation":[-0.0343968,6.69616,-172.874],"scale":[1,1,1],"scaleCompensation":false},{"name":"mixamorig:RightLeg","position":[0,57.0871,0],"rotation":[-8.07027,-0.0422329,-1.49428],"scale":[1,1,1],"scaleCompensation":false},{"name":"mixamorig:RightFoot","position":[0,51.6215,8.88178e-16],"rotation":[57.9396,23.4796,-2.59642],"scale":[1,1,1],"scaleCompensation":false},{"name":"mixamorig:RightToeBase","position":[0,18.5044,-1.77636e-15],"rotation":[40.8682,-0.548373,0.571161],"scale":[1,1,1],"scaleCompensation":false},{"name":"mixamorig:RightToe_End","position":[0,6.73084,-1.11022e-16],"rotation":[0,0,0],"scale":[1,1,1],"scaleCompensation":false}],"parents":[-1,0,1,0,3,4,5,6,7,8,6,10,11,12,13,14,15,16,13,18,19,20,6,22,23,24,25,26,27,28,25,30,31,32,3,34,35,36,37,3,39,40,41,42],"skins":[{"inverseBindMatrices":[[1,-0,0,0,0,0.999952,-0.00984723,0,0,0.00984723,0.999952,0,-0,-157.033,1.46957,1],[1,-0,0,0,0,0.999952,-0.00984723,0,0,0.00984723,0.999952,0,-0,-174.321,1.46957,1],[1,-0,0,0,0,1,-0,0,0,0,1,0,-0,-128.946,0.199814,1],[1,-0,0,0,0,0.999952,-0.00984724,0,0,0.00984724,0.999952,0,-0,-141.905,1.46957,1],[-0.99997,0.0077357,-1.01644e-17,0,-0.0077347,-0.999842,-0.0160202,0,-0.000123928,-0.0160197,0.999872,0,16.3616,121.566,3.71712,1],[-0.99997,-0.00773575,-1.12486e-18,0,0.00773481,-0.999848,-0.0155959,0,0.000120646,-0.0155955,0.999878,0,-16.3616,121.569,3.58572,1],[0.00570154,0.958436,-0.285251,0,0.00991738,-0.285296,-0.958388,0,-0.999935,0.00263534,-0.0111318,0,-1.4818,47.6732,185.619,1],[-0.999261,0.0384331,0.000275266,0,-0.0384291,-0.998993,-0.0231756,0,-0.000615722,-0.0231691,0.999731,0,18.3336,63.9175,4.17501,1],[-0.982062,0.168556,0.0845177,0,-0.0420448,-0.632696,0.773258,0,0.183811,0.755834,0.628433,0,18.7891,8.20923,-9.19913,1],[-0.982447,0.181724,-0.0421227,0,-0.045666,-0.0153561,0.998839,0,0.180866,0.98323,0.0233852,0,18.832,-13.602,-0.840987,1],[-0.00302378,0.999006,-0.0444636,0,0.0125141,-0.0444225,-0.998934,0,-0.999917,-0.00357698,-0.0123674,0,-1.77531,-13.7128,187.898,1],[1,-0,-0,0,-0,1,1.73472e-18,0,0,-1.73472e-18,1,0,-0,-193.776,-0.438613,1],[1,-0,-0,0,-0,1,1.73472e-18,0,0,-1.73472e-18,1,0,-0,-206.945,5.89646,1],[-0.000368298,0.99993,0.0118568,0,0.012396,0.0118605,-0.999853,0,-0.999923,-0.000221267,-0.0123995,0,-1.90783,-60.3524,184.793,1],[0.00285845,0.98453,0.175193,0,-0.000132272,0.175194,-0.984534,0,-0.999996,0.00279107,0.00063101,0,0.124707,-123.056,166.928,1],[0.625292,0.779014,-0.0463464,0,0.110773,-0.147388,-0.982856,0,-0.772489,0.609438,-0.178454,0,-78.1432,-48.5102,187.042,1],[-0.0252236,0.9988,0.0419841,0,-0.00512913,0.0418676,-0.99911,0,-0.999669,-0.0254165,0.00406692,0,3.98239,-111.654,183.514,1],[-0.0252236,0.999402,-0.0236441,0,-0.00512913,-0.0237807,-0.999704,0,-0.999669,-0.0250949,0.0057259,0,4.00713,-101.957,190.615,1],[-0.0252236,0.997298,-0.0689985,0,-0.00512913,-0.0691486,-0.997593,0,-0.999669,-0.024809,0.00685945,0,4.02855,-95.5788,195.156,1],[0.625292,0.763217,-0.16282,0,0.110773,-0.293331,-0.949572,0,-0.772489,0.575723,-0.267961,0,-78.4321,-23.1045,192.698,1],[0.625292,0.778359,-0.0562884,0,0.110773,-0.159924,-0.980894,0,-0.772489,0.60711,-0.18622,0,-77.9417,-51.8548,187.346,1],[0.000191913,-0.958435,0.285311,0,-0.0098815,-0.285298,-0.958388,0,0.999951,-0.00263537,-0.00952552,0,1.47554,47.676,185.619,1],[-0.999261,-0.0384239,-0.000624269,0,0.0384243,-0.998755,-0.0318246,0,0.000599335,-0.0318251,0.999493,0,-18.3334,63.8824,4.62409,1],[-0.98271,-0.167094,-0.0797484,0,0.043541,-0.627209,0.777633,0,-0.179957,0.760715,0.62364,0,-18.8671,8.4434,-8.9759,1],[-0.982616,-0.181477,0.0391426,0,0.0426265,-0.0153355,0.998973,0,-0.18069,0.983276,0.0228046,0,-18.8565,-13.468,-0.894784,1],[-0.00106521,-0.999012,0.0444384,0,-0.0102557,-0.0444252,-0.99896,0,0.999947,-0.00151985,-0.0101982,0,1.51784,-13.7137,187.9,1],[0.00106539,-0.999929,-0.0118695,0,-0.0101609,0.0118581,-0.999878,0,0.999948,0.00118586,-0.0101476,0,1.62417,-60.3523,184.795,1],[-0.00351816,-0.984557,-0.175027,0,-0.0139258,0.175059,-0.984459,0,0.999897,-0.00102609,-0.0143266,0,1.90284,-123.032,166.935,1],[0.669755,-0.742219,0.0232155,0,-0.129716,-0.14772,-0.980486,0,0.731165,0.653674,-0.195214,0,86.0414,-44.9874,184.482,1],[-0.00689433,-0.999196,-0.0394979,0,-0.0133254,0.0395871,-0.999127,0,0.999887,-0.00636199,-0.0135876,0,1.43924,-111.235,183.772,1],[0.669755,-0.730573,0.133009,0,-0.129716,-0.291466,-0.947745,0,0.731165,0.617504,-0.289978,0,86.5503,-20.2985,189.587,1],[-0.00689433,-0.999941,-0.00841281,0,-0.0133254,0.00850413,-0.999875,0,0.999887,-0.00678136,-0.0133833,0,1.39833,-108.117,187.224,1],[-0.00689433,-0.993404,0.114463,0,-0.0133254,-0.114364,-0.99335,0,0.999887,-0.00837374,-0.0124491,0,1.36241,-86.7707,199.391,1],[0.669755,-0.735951,0.0990184,0,-0.129716,-0.247243,-0.960232,0,0.731165,0.630276,-0.261057,0,86.1869,-31.7193,188.32,1]],"boneNames":["mixamorig:Spine1","mixamorig:Spine2","mixamorig:Hips","mixamorig:Spine","mixamorig:LeftUpLeg","mixamorig:RightUpLeg","mixamorig:LeftShoulder","mixamorig:LeftLeg","mixamorig:LeftFoot","mixamorig:LeftToeBase","mixamorig:LeftArm","mixamorig:Neck","mixamorig:Head","mixamorig:LeftForeArm","mixamorig:LeftHand","mixamorig:LeftHandThumb1","mixamorig:LeftHandIndex1","mixamorig:LeftHandIndex2","mixamorig:LeftHandIndex3","mixamorig:LeftHandThumb2","mixamorig:LeftHandThumb3","mixamorig:RightShoulder","mixamorig:RightLeg","mixamorig:RightFoot","mixamorig:RightToeBase","mixamorig:RightArm","mixamorig:RightForeArm","mixamorig:RightHand","mixamorig:RightHandThumb1","mixamorig:RightHandIndex1","mixamorig:RightHandThumb2","mixamorig:RightHandIndex2","mixamorig:RightHandIndex3","mixamorig:RightHandThumb3"]},{"inverseBindMatrices":[[1,-0,0,0,0,0.999952,-0.00984723,0,0,0.00984723,0.999952,0,-0,-157.033,1.46957,1],[1,-0,0,0,0,0.999952,-0.00984723,0,0,0.00984723,0.999952,0,-0,-174.321,1.46957,1],[1,-0,0,0,0,1,-0,0,0,0,1,0,-0,-128.946,0.199814,1],[1,-0,0,0,0,0.999952,-0.00984724,0,0,0.00984724,0.999952,0,-0,-141.905,1.46957,1],[1,-0,-0,0,-0,1,1.73472e-18,0,0,-1.73472e-18,1,0,-0,-193.776,-0.438613,1],[1,-0,-0,0,-0,1,1.73472e-18,0,0,-1.73472e-18,1,0,-0,-206.945,5.89646,1]],"boneNames":["mixamorig:Spine1","mixamorig:Spine2","mixamorig:Hips","mixamorig:Spine","mixamorig:Neck","mixamorig:Head"]}],"morphs":[],"vertices":[{"position":{"type":"float32","components":3,"data":[5.20508,156.195,17.2149,0,166.565,16.5657,0,156.195,17.2149,7.4562,146.105,18.2901,6.32253,143.351,18.3709,7.75341,143.351,18.3507,0,127.638,18.3565,8.86996,120.255,16.5376,9.6383,127.638,18.2238,0,120.255,16.5376,4.94052,109.728,10.2767,17.0428,120.255,13.5981,21.3663,127.638,10.6373,16.2768,127.638,15.0944,14.777,134.348,15.6347,14.1828,143.351,11.1316,11.3761,143.351,15.5222,10.7662,146.105,15.502,12.7312,156.195,9.78102,8.96814,156.195,14.2946,27.4843,123.122,-0.0104918,25.5799,127.638,-0.0212966,19.1473,134.348,10.4567,16.974,143.351,1.67573,14.8475,143.351,10.3441,14.0763,146.105,10.3239,14.8133,156.195,0.0409824,17.1681,120.255,-11.0488,15.6775,127.638,-12.7008,14.1869,134.348,-10.1226,16.2205,143.356,-1.44989,23.0382,134.348,-0.0321011,17.5658,143.351,0.0804759,8.29207,146.105,-2.48834,5.85132,156.195,-2.43441,10.3323,156.195,-1.19671,7.61242,166.565,-4.81024,13.0067,166.565,-2.42038,15.8281,166.565,9.1306,16.16,166.565,-0.0305219,12.4074,166.565,12.8482,0,146.105,18.5557,0,146.105,-5.07736,0,156.195,-3.3638,0,166.565,-5.8724,0,120.255,-18.2295,0,127.638,-18.1444,0,142.195,-8.98669,4.59947,143.398,-5.38217,9.17342,143.381,-3.62976,0,134.348,-15.3818,9.41087,134.348,18.6884,0,120.255,-15.0977,0,127.638,-15.6218,0,134.348,-13.0436,0,143.414,-6.80171,0,146.105,-5.07736,16.5841,146.105,0.100669,8.10161,166.565,16.5657,10.5601,143.351,15.9865,4.94052,109.728,10.2767,23.1243,120.255,10.5619,23.6098,110.588,10.2956,28.7035,117.333,0.102143,22.053,113.032,-7.6487,14.1685,110.206,-10.9645,0,110.293,-9.62668,0,109.541,10.141,2.06072,105.281,-0.273145,27.9579,101.016,0.124245,21.8295,101.016,-7.99706,0,105.384,-0.349481,0,110.293,-9.62668,5.35758,106.53,-5.63346,21.9894,101.016,9.65711,14.9054,101.016,-12.2599,6.88951,101.016,10.2499,6.88782,101.016,-6.30417,20.8591,86.0551,-7.75539,23.4312,69.5761,-2.67148,19.7948,69.5761,-7.49033,5.95672,86.0551,-1.56371,10.93,69.5761,3.3367,8.81653,86.0551,6.95286,26.3522,86.0551,-1.2091,19.8897,69.5761,2.98493,20.988,86.0551,6.47499,10.93,69.5761,3.3367,15.1765,86.0551,-12.6668,10.9269,69.5761,-6.81867,8.83846,86.0551,-7.13045,15.6183,69.5761,-10.6836,8.81653,86.0551,6.95286,24.4022,86.0551,1.58426,2.89907,101.016,-0.315681,15.9438,65.2957,-9.51666,11.3774,65.2957,3.23053,19.5235,65.2957,2.91071,11.5152,65.2957,-6.00269,9.46343,65.2957,-2.46941,11.3774,65.2957,3.23053,22.7434,65.2957,-2.23208,19.4372,65.2957,-6.61335,19.0513,62.238,-7.54732,15.9766,62.238,-10.1376,11.8604,62.238,1.23524,19.1282,62.238,0.949894,11.7683,62.238,-7.0025,11.8604,62.238,1.23524,22.001,62.238,-3.63842,10.1528,62.238,-3.85016,12.119,51.4801,-1.5407,20.6026,51.4801,-1.85814,23.7984,51.4801,-6.96251,20.5169,51.4801,-11.3111,16.1186,51.4801,-14.1927,12.119,51.4801,-1.5407,12.1774,51.4801,-10.705,17.0594,19.6608,-10.9877,15.3346,19.6608,-3.89428,19.635,19.6608,-4.08055,15.2325,19.6608,-9.27179,10.6176,51.4801,-7.19807,15.3346,19.6608,-3.89428,21.3348,19.6608,-7.07575,19.5895,19.6608,-9.62745,22.6825,14.812,-5.25671,20.7388,14.812,-8.19715,17.1809,14.812,-10.9122,14.4815,14.812,-1.01576,20.8058,14.812,-1.26406,14.3563,14.812,-8.18407,13.6854,14.812,-5.44097,14.4815,14.812,-1.01576,20.7418,11.2178,2.79526,14.549,11.2178,-7.57011,13.9201,11.2178,-3.37756,14.6708,11.2178,3.16221,22.8098,11.2178,-3.10526,20.6873,11.2178,-7.67107,17.1973,11.2178,-11.7398,22.2442,9.10752,-4.46021,17.3257,6.62573,-13.4973,14.6708,11.2178,3.16221,21.6007,6.62572,12.7777,14.065,6.62572,-5.95984,12.2656,6.62572,1.61906,13.9301,6.62572,13.441,23.8792,6.62572,1.65029,17.4739,3.06151,-10.8134,12.8076,3.06151,-2.67785,10.7045,3.06151,4.02685,12.8114,3.06151,18.3,24.9572,3.06151,3.95843,22.4937,3.06151,-2.657,21.579,6.62572,-6.05369,13.9301,6.62572,13.441,22.5212,3.06151,18.2287,17.3494,0.360018,-9.4183,12.7531,0.360017,16.0375,22.4307,0.360017,15.3113,12.7198,0.360018,-4.09017,12.7531,0.360017,16.0375,25.7326,0.360018,5.81637,13.997,8.78193,-4.74734,14.3242,19.6608,-7.21398,8.82487,69.5761,-2.93251,15.3299,174.164,12.0232,18.3681,174.164,7.59558,0,174.164,-8.54225,8.65595,174.164,-6.41793,16.1189,174.164,-3.64462,10.0978,180.303,-7.89803,23.209,179.831,-4.68242,9.51391,176.522,22.9125,8.13802,186.247,14.1094,0,180.724,-10.2879,20.5084,174.164,-0.0672032,23.209,180.372,5.96913,14.0091,184.54,10.8821,23.209,178.179,-0.00634907,0,191.179,9.94149,0,184.671,14.5239,8.71159,191.346,9.92981,23.209,184.744,-7.07228,10.8661,185.702,-9.75681,11.3784,190.925,-8.29634,23.209,190.453,-5.34627,0,191.744,-10.5534,23.209,193.744,0.230062,8.71159,196.73,3.68962,23.209,190.591,6.36744,0,196.73,-8.0308,11.3784,196.73,-5.3754,23.209,184.95,7.4296,6.49032,201.236,4.30858,4.26677,200.01,1.49644,11.3784,196.73,-5.3754,0,200.01,3.49635,3.73078,200.01,-4.58491,5.74772,200.01,-2.49839,3.86262,204.274,-4.2554,4.54224,205.506,-2.58962,2.71175,205.363,0.782363,0,204.774,3.14723,0,203.302,-6.53783,3.86262,204.274,-4.2554,11.5929,210.184,-7.08044,13.0351,214.848,2.78882,10.9792,210.157,4.1315,13.0351,214.848,2.78882,3.61552,214.848,9.69484,10.9792,210.157,4.1315,5.61855,206.318,-7.2455,11.5929,210.184,-7.08044,8.23444,206.68,-3.8064,10.9792,210.157,4.1315,4.97656,205.201,5.64378,0,206.318,-8.94743,8.57734,210.157,-14.2103,5.61855,206.318,-7.2455,4.97656,205.201,5.64378,0,212.372,9.89629,0,205.096,7.36643,0,210.157,-17.3405,8.50897,214.848,-22.2067,8.57734,210.157,-14.2103,14.3084,214.38,-9.33812,0,205.096,7.36643,14.3084,214.38,-9.33812,15.3487,222.405,1.07754,0,214.848,-24.7673,9.03099,222.405,-27.321,8.50897,214.848,-22.2067,19.3604,222.405,-13.6391,16.3138,230.149,0.427228,15.3487,222.405,1.07754,0,222.405,-31.0338,9.03099,230.149,-29.5581,9.03099,222.405,-27.321,20.4632,230.149,-16.1103,19.8888,237.377,-16.1103,17.0782,237.346,-0.118895,0,230.149,-33.505,9.03099,237.377,-29.5581,9.03099,230.149,-29.5581,16.8882,244.89,-15.772,14.1248,244.89,-2.42102,0,244.89,-29.76,8.22224,244.89,-25.5029,9.03099,237.377,-29.5581,9.42721,251,-13.3159,7.56045,251,-3.73596,0,251,-22.0811,6.01392,251,-19.2287,8.22224,244.89,-25.5029,0,253.621,-9.51597,0,253.621,-9.51597,6.01392,251,-19.2287,0,250.971,1.68334,7.56045,251,-3.73596,0,253.621,-9.51597,7.07576,222.405,8.87282,7.5349,230.149,8.94656,0,222.405,10.0079,0,237.377,9.48739,7.5349,237.377,8.30119,0,244.89,8.13422,7.5349,237.377,8.30119,6.4934,244.89,5.43411,14.1248,244.89,-2.42102,17.0782,237.346,-0.118895,16.3138,230.149,0.427228,15.3487,222.405,1.07754,16.3138,230.149,0.427228,0,218.349,10.1411,0,216.205,13.3778,53.1639,189.839,0.558024,53.1639,187.785,-3.81401,53.1639,182.68,4.32173,53.1639,185.047,5.37027,53.1639,182.68,4.32173,53.1639,184.705,-4.79821,53.1639,181.973,-2.85944,53.1639,189.839,0.558024,53.1639,188.04,4.66576,53.1639,181.146,0.100707,58.2288,184.93,-4.60855,62.3948,187.804,-3.26203,62.4248,184.902,-4.33474,58.2288,188.102,-3.45461,58.2288,181.281,0.115443,62.4496,182.506,-2.75686,62.4425,181.709,0.126301,58.2288,182.2,-3.01079,91.687,185.528,-2.30916,96.0843,182.912,-2.7006,91.687,183.764,-1.45066,91.687,183.958,2.37566,96.0843,182.73,0.091056,95.7385,183.76,3.71269,91.687,187.579,-1.68913,96.0843,190.053,0.232196,96.0843,188.364,-3.09692,91.687,187.629,2.51874,96.0843,185.54,4.53038,96.0843,188.435,3.89626,96.0843,185.434,-4.12737,91.687,183.17,0.22911,91.687,188.761,0.314036,91.687,185.602,2.9003,98.6858,184.335,-2.7006,98.8012,184.323,0.091056,104.634,187.998,-3.45449,99.2978,186.081,4.53038,104.634,188.029,3.9894,104.634,188.895,3.44419,104.634,189.306,-0.121829,104.634,189.067,-1.47495,100.627,185.398,-2.22776,100.292,183.712,5.68807,101.796,183.826,7.84073,101.807,183.036,7.84652,104.634,189.005,2.72792,104.634,189.078,2.25352,18.9018,215.567,-16.0104,21.5889,222.3,-17.6321,108.781,188.86,2.61706,111.11,188.539,3.11737,111.11,188.599,2.59211,109.49,188.492,-2.26342,109.49,188.545,-1.86254,109.49,187.662,-2.03016,108.781,187.227,0.744833,112.928,188.765,0.866204,112.928,187.548,0.860542,104.634,187.218,2.25067,104.634,187.27,2.72997,107.729,187.386,-2.10407,109.49,188.046,-2.86989,104.634,186.99,0.172492,104.634,189.379,0.293844,104.634,187.054,0.763087,107.729,187.365,-1.87396,109.49,187.649,-1.86478,104.634,188.978,-1.98289,104.634,187.163,-1.47203,104.634,187.218,-1.98617,100.476,185.524,3.23974,104.634,187.326,3.23974,111.11,188.067,3.51719,111.11,187.683,2.96744,112.928,188.642,1.94299,112.928,187.636,1.94093,111.713,188.651,-1.19749,111.713,187.503,-0.173189,111.713,187.584,-1.19529,108.781,187.455,3.10475,108.781,188.043,3.81908,108.842,187.201,-0.0928602,108.781,187.408,2.61901,111.11,187.653,2.59361,107.729,188.836,-1.87084,108.781,187.364,2.1623,111.713,188.785,-0.177282,108.842,189.109,-0.0980284,107.729,188.749,-2.42864,107.729,188.017,-3.27252,108.781,188.768,3.29957,108.781,188.921,2.16501,108.842,188.909,-1.38643,108.842,187.321,-1.38365,108.781,189.112,0.752262,104.634,189.306,0.770884,104.634,187.02,-0.116401,104.634,188.874,-2.56852,104.634,187.243,-2.22776,100.63,183.599,7.86506,100.63,182.615,7.85903,97.7566,183.516,5.7254,100.116,185.399,5.6858,98.0924,184.987,5.66891,98.9395,184.195,3.65847,100.833,185.446,0.172492,-5.20508,156.195,17.2149,-8.10161,166.565,16.5657,-6.32294,143.352,18.3709,-7.4562,146.105,18.2901,0,143.352,18.596,-8.86996,120.255,16.5376,-9.6383,127.638,18.2238,-4.94052,109.728,10.2767,-21.3663,127.638,10.6373,-17.0428,120.255,13.5981,-16.2768,127.638,15.0944,-10.7662,146.105,15.502,-14.1827,143.352,11.131,-11.3757,143.352,15.5221,-14.0763,146.105,10.3239,-12.7312,156.195,9.78102,-8.96814,156.195,14.2946,-27.4843,123.122,-0.0104918,-23.1243,120.255,10.5619,-16.9736,143.352,1.6742,-14.8468,143.352,10.3441,-16.5841,146.105,0.100669,-14.8133,156.195,0.0409824,-25.5799,127.638,-0.0212966,-17.1681,120.255,-11.0488,-14.1869,134.348,-10.1226,-23.0382,134.348,-0.0321011,-16.2444,143.472,-1.34835,-17.4964,143.477,0.0819017,-17.5648,143.353,0.0804962,-5.85132,156.195,-2.43441,-8.29207,146.105,-2.48834,-10.3323,156.195,-1.19671,-7.61242,166.565,-4.81024,-13.0067,166.565,-2.42038,-15.8281,166.565,9.1306,-12.4074,166.565,12.8482,-15.6775,127.638,-12.7008,-4.67017,143.431,-5.32676,-9.14039,143.447,-3.58699,-19.1473,134.348,10.4567,-14.777,134.348,15.6347,-9.41087,134.348,18.6884,0,134.348,18.8212,-7.75328,143.352,18.3507,-10.5603,143.352,15.9862,-4.94052,109.728,10.2767,-23.6098,110.588,10.2956,-28.7035,117.333,0.102143,-22.053,113.032,-7.6487,-14.1685,110.206,-10.9645,-2.06072,105.281,-0.273145,-27.9579,101.016,0.124245,-5.35758,106.53,-5.63346,-21.9894,101.016,9.65711,-21.8295,101.016,-7.99706,-6.88951,101.016,10.2499,-6.88782,101.016,-6.30417,-20.8591,86.0551,-7.75539,-23.4312,69.5761,-2.67148,-26.3522,86.0551,-1.2091,-10.93,69.5761,3.3367,-5.95672,86.0551,-1.56371,-8.81653,86.0551,6.95286,-19.8897,69.5761,2.98493,-20.988,86.0551,6.47499,-10.93,69.5761,3.3367,-8.81653,86.0551,6.95286,-10.9269,69.5761,-6.81867,-15.1765,86.0551,-12.6668,-8.83846,86.0551,-7.13045,-15.6183,69.5761,-10.6836,-14.9054,101.016,-12.2599,-6.88951,101.016,10.2499,-2.89907,101.016,-0.315681,-15.9438,65.2957,-9.51666,-19.7948,69.5761,-7.49033,-11.3774,65.2957,3.23053,-9.46343,65.2957,-2.46941,-8.82487,69.5761,-2.93251,-22.7434,65.2957,-2.23208,-19.4372,65.2957,-6.61335,-19.0513,62.238,-7.54732,-19.5235,65.2957,2.91071,-11.8604,62.238,1.23524,-11.7683,62.238,-7.0025,-11.5152,65.2957,-6.00269,-11.8604,62.238,1.23524,-11.3774,65.2957,3.23053,-19.1282,62.238,0.949894,-22.001,62.238,-3.63842,-12.119,51.4801,-1.5407,-10.1528,62.238,-3.85016,-20.6026,51.4801,-1.85814,-23.7984,51.4801,-6.96251,-15.9766,62.238,-10.1376,-20.5169,51.4801,-11.3111,-12.119,51.4801,-1.5407,-12.1774,51.4801,-10.705,-17.0594,19.6608,-10.9877,-16.1186,51.4801,-14.1927,-15.3346,19.6608,-3.89428,-15.3346,19.6608,-3.89428,-10.6176,51.4801,-7.19807,-19.635,19.6608,-4.08055,-21.3348,19.6608,-7.07575,-22.6825,14.812,-5.25671,-20.7388,14.812,-8.19715,-19.5895,19.6608,-9.62745,-17.1809,14.812,-10.9122,-14.4815,14.812,-1.01576,-15.2325,19.6608,-9.27179,-13.6854,14.812,-5.44097,-14.3242,19.6608,-7.21398,-20.7418,11.2178,2.79526,-20.8058,14.812,-1.26406,-14.549,11.2178,-7.57011,-14.3563,14.812,-8.18407,-14.4815,14.812,-1.01576,-13.9201,11.2178,-3.37756,-22.8098,11.2178,-3.10526,-20.6873,11.2178,-7.67107,-21.579,6.62572,-6.05369,-22.2442,9.10752,-4.46021,-17.3257,6.62573,-13.4973,-17.1973,11.2178,-11.7398,-21.6007,6.62572,12.7777,-14.6708,11.2178,3.16221,-14.6708,11.2178,3.16221,-12.2656,6.62572,1.61906,-23.8792,6.62572,1.65029,-14.065,6.62572,-5.95984,-17.4739,3.06151,-10.8134,-13.9301,6.62572,13.441,-10.7045,3.06151,4.02685,-24.9572,3.06151,3.95843,-22.4937,3.06151,-2.657,-22.5212,3.06151,18.2287,-13.9301,6.62572,13.441,-17.3494,0.360018,-9.4183,-12.7531,0.360017,16.0375,-12.8114,3.06151,18.3,-12.8076,3.06151,-2.67785,-12.7531,0.360017,16.0375,-12.8114,3.06151,18.3,-22.4307,0.360017,15.3113,-13.997,8.78193,-4.74734,-15.3299,174.164,12.0232,-18.3681,174.164,7.59558,-16.16,166.565,-0.0305219,-8.65595,174.164,-6.41793,-16.1189,174.164,-3.64462,-10.0978,180.303,-7.89803,-9.51391,176.522,22.9125,-8.13802,186.247,14.1094,-23.209,180.372,5.96913,-20.5084,174.164,-0.0672032,-23.209,179.831,-4.68242,-14.0091,184.54,10.8821,-8.71159,191.346,9.92981,-23.209,184.744,-7.07228,-10.8661,185.702,-9.75681,-11.3784,190.925,-8.29634,0,186.831,-11.35,-23.209,193.744,0.230062,-23.209,190.591,6.36744,-8.71159,196.73,3.68962,-23.209,184.95,7.4296,-4.26677,200.01,1.49644,-6.49032,201.236,4.30858,-11.3784,196.73,-5.3754,-11.3784,196.73,-5.3754,-23.209,190.453,-5.34627,-3.73078,200.01,-4.58491,-5.74772,200.01,-2.49839,-3.86262,204.274,-4.2554,-3.73078,200.01,-4.58491,-2.71175,205.363,0.782363,0,200.01,-6.87233,-4.54224,205.506,-2.58962,-13.0351,214.848,2.78882,-11.5929,210.184,-7.08044,-10.9792,210.157,4.1315,-13.0351,214.848,2.78882,-10.9792,210.157,4.1315,-3.61552,214.848,9.69484,-5.61855,206.318,-7.2455,-8.23444,206.68,-3.8064,-4.97656,205.201,5.64378,-8.57734,210.157,-14.2103,-5.61855,206.318,-7.2455,-4.97656,205.201,5.64378,-8.50897,214.848,-22.2067,-14.3084,214.38,-9.33812,-8.57734,210.157,-14.2103,-3.86262,204.274,-4.2554,-15.3487,222.405,1.07754,-9.03099,222.405,-27.321,-19.3604,222.405,-13.6391,-8.50897,214.848,-22.2067,-16.3138,230.149,0.427228,-9.03099,230.149,-29.5581,-20.4632,230.149,-16.1103,-9.03099,222.405,-27.321,-19.8888,237.377,-16.1103,-9.03099,237.377,-29.5581,-9.03099,230.149,-29.5581,-17.0782,237.346,-0.118895,-16.8882,244.89,-15.772,0,237.916,-34.5549,-2.44221,239.871,-33.4875,-9.03099,237.377,-29.5581,-14.1248,244.89,-2.42102,-9.42721,251,-13.3159,-8.22224,244.89,-25.5029,-8.22224,244.89,-25.5029,-7.56045,251,-3.73596,-6.01392,251,-19.2287,-6.01392,251,-19.2287,-7.07576,222.405,8.87282,-7.5349,230.149,8.94656,0,230.149,10.0293,-7.5349,237.377,8.30119,-7.5349,237.377,8.30119,-6.4934,244.89,5.43411,-7.56045,251,-3.73596,-14.1248,244.89,-2.42102,-16.3138,230.149,0.427228,-17.0782,237.346,-0.118895,-15.3487,222.405,1.07754,-16.3138,230.149,0.427228,-53.1639,189.856,0.201818,-53.1639,182.46,4.0771,-53.1639,184.593,-4.744,-53.1639,187.914,-3.77486,-23.209,178.179,-0.00634907,-53.1639,182.011,-2.96552,-58.2288,189.931,0.273498,-62.3941,187.864,-3.23495,-62.3737,189.498,0.34318,-58.2288,188.102,-3.45461,-62.392,187.837,4.21965,-58.2288,185.044,5.08681,-58.2288,188.179,4.3767,-62.3904,185.023,4.84977,-91.687,185.528,-2.30916,-62.3941,187.864,-3.23495,-62.4244,184.934,-4.3503,-91.687,183.17,0.22911,-62.4495,182.516,-2.78751,-62.4425,181.709,0.126301,-62.3891,182.778,3.8551,-62.3904,185.023,4.84977,-58.2288,182.5,4.1104,-91.687,183.764,-1.45066,-58.2288,181.281,0.115443,-96.0843,182.912,-2.7006,-91.687,183.958,2.37566,-96.0843,182.73,0.091056,-91.687,187.579,-1.68913,-96.0843,190.053,0.232196,-91.687,188.761,0.314036,-91.687,187.629,2.51874,-96.0843,185.54,4.53038,-91.687,185.602,2.9003,-96.0843,188.364,-3.09692,-95.7385,183.76,3.71269,-98.6858,184.335,-2.7006,-98.8012,184.323,0.091056,-104.634,187.998,-3.45449,-96.0843,185.434,-4.12737,-104.634,188.895,3.44419,-104.634,188.029,3.9894,-99.2978,186.081,4.53038,-104.634,189.306,-0.121829,-104.634,189.379,0.293844,-100.627,185.398,-2.22776,-100.292,183.712,5.68807,-101.796,183.826,7.84073,-100.116,185.399,5.6858,-104.634,189.078,2.25352,-104.634,189.005,2.72792,-96.0843,188.435,3.89626,-18.9018,215.567,-16.0104,-21.5889,222.3,-17.6321,-108.781,188.86,2.61706,-111.11,188.539,3.11737,-108.781,188.768,3.29957,-109.49,188.492,-2.26342,-109.49,187.662,-2.03016,-109.49,188.545,-1.86254,-108.781,187.227,0.744833,-112.928,188.765,0.866204,-108.781,189.112,0.752262,-104.634,187.218,2.25067,-107.729,187.386,-2.10407,-109.49,188.046,-2.86989,-107.729,188.017,-3.27252,-104.634,186.99,0.172492,-107.729,187.365,-1.87396,-104.634,187.163,-1.47203,-104.634,188.978,-1.98289,-104.634,187.218,-1.98617,-104.634,187.326,3.23974,-100.476,185.524,3.23974,-111.11,187.683,2.96744,-111.11,188.599,2.59211,-112.928,187.548,0.860542,-112.928,188.642,1.94299,-111.713,187.503,-0.173189,-111.713,188.651,-1.19749,-111.713,187.584,-1.19529,-111.11,188.067,3.51719,-108.781,187.455,3.10475,-108.781,188.043,3.81908,-108.842,187.201,-0.0928602,-108.842,187.321,-1.38365,-108.781,187.408,2.61901,-107.729,188.836,-1.87084,-112.928,187.636,1.94093,-108.781,187.364,2.1623,-111.713,188.785,-0.177282,-108.842,189.109,-0.0980284,-107.729,188.749,-2.42864,-108.781,188.921,2.16501,-108.842,188.909,-1.38643,-104.634,189.306,0.770884,-104.634,187.054,0.763087,-104.634,189.067,-1.47495,-104.634,187.02,-0.116401,-104.634,188.874,-2.56852,-104.634,187.243,-2.22776,-104.634,187.27,2.72997,-100.63,183.599,7.86506,-101.807,183.036,7.84652,-100.63,182.615,7.85903,-97.7566,183.516,5.7254,-98.0924,184.987,5.66891,-98.9395,184.195,3.65847,-100.833,185.446,0.172492,6.88951,101.016,10.2499,12.8114,3.06151,18.3,22.471,0.360018,-4.14682,10.0987,0.360018,5.81536,3.73078,200.01,-4.58491,2.44221,239.871,-33.4875,0,241.903,-33.5421,0,237.377,9.48739,58.2288,189.931,0.273498,62.3948,187.804,-3.26203,62.4034,189.491,0.35637,62.392,187.874,4.21281,58.2288,185.044,5.08681,62.3904,185.053,4.85916,58.2288,188.179,4.3767,58.2288,182.5,4.1104,62.3891,182.764,3.81667,62.3904,185.053,4.85916,-22.471,0.360018,-4.14682,-12.7198,0.360018,-4.09017,-10.0987,0.360018,5.81536,-25.7326,0.360018,5.81637,-53.1639,189.856,0.201818,-53.1639,185.047,5.37027,-53.1639,182.46,4.0771,-53.1639,181.146,0.100707,-53.1639,187.912,4.68985,-109.49,187.649,-1.86478,-111.11,187.653,2.59361,-8.86996,120.255,16.5376,-17.0428,120.255,13.5981,17.0428,120.255,13.5981,0,120.255,-18.2295,-17.1681,120.255,-11.0488,17.1681,120.255,-11.0488,-5.63312,203.544,1.49644,-5.74772,203.599,-3.45813,5.63312,203.544,1.49644,5.74772,203.599,-3.45813,-3.73078,203.599,-5.54465,0,203.599,-7.83208,3.73078,203.599,-5.54465,0,200.285,-7.34836,-5.05584,200.152,-5.50023,-7.78915,200.116,-2.67287,-7.84416,198.357,2.60943,5.05584,200.152,-5.50023,8.7955,194.809,7.90254,7.84416,198.357,2.60943,7.78915,200.116,-2.67287,-8.7955,194.809,7.90254,86.3155,185.396,4.00256,86.3155,188.317,3.45537,-86.3155,185.289,-3.46833,-86.3155,188.246,-2.57914,86.3155,189.95,0.2936,-86.3155,185.396,4.00256,-86.3155,183.025,3.25018,86.3155,188.246,-2.57914,86.3155,181.89,0.171808,86.3155,183.025,3.25018,-86.3155,188.317,3.45537,86.3155,182.745,-2.23715,-86.3155,189.95,0.2936,86.3155,185.289,-3.46833,-86.3155,181.89,0.171808,-86.3155,182.745,-2.23715,-17.2311,237.34,-0.0441798,-12.6826,234.748,7.23327,-15.9004,205.439,9.28191,9.00177,241.164,-39.0984,0,250.099,-40.9851,-9.00177,241.164,-39.0984,0,235.592,-37.5547,2.92212,233.16,-43.6306,0,231.865,-41.3014,-2.92212,233.16,-43.6306,0,235.051,-49.2916,0,219.212,-48.6774,6.89809,220.051,-42.9984,-6.89809,220.051,-42.9984,0,217.718,-37.1564,0,191.256,-29.2859,-58.2288,184.93,-4.60855,-58.2288,182.2,-3.01079,-17.2619,223.065,-13.8345,-13.5957,214.697,-9.30591,17.2619,223.065,-13.8345,13.5957,214.697,-9.30591]},"normal":{"type":"float32","components":3,"data":[0.281808,0.0818201,0.955962,0,-0.249794,0.968291,0,0.0971404,0.995239,0.358592,0.111972,0.926725,0.0240791,0.0267037,0.999329,0.340983,0.0770592,0.936888,0,-0.151036,0.988525,0.174352,-0.362896,0.915342,0.238624,-0.137883,0.961241,0,-0.356578,0.934233,-0.141148,-0.4991,0.854946,0.37492,-0.291147,0.880123,0.774499,0.200507,0.599933,0.554674,-0.0178534,0.831843,0.629963,0.164739,0.758904,0.774773,0.26661,0.573229,0.66689,0.206366,0.715964,0.725181,0.160375,0.669576,0.895474,-0.0268563,0.444227,0.690023,0.0385143,0.722739,0.943785,0.278268,-0.17835,0.923154,0.343303,-0.172857,0.81164,0.329051,0.48262,0.884182,0.378613,0.273568,0.840144,0.323435,0.435286,0.898556,0.190741,0.395154,0.837245,-0.0578326,-0.543718,0.534745,-0.0185552,-0.844783,0.554674,0.168004,-0.814905,0.471389,0.490799,-0.732719,0.503769,0.461409,-0.730247,0.890622,0.428663,-0.151616,0.881985,0.437605,-0.174749,0.29429,0.272378,-0.916074,0.221259,-0.0734275,-0.972442,0.281381,-0.0793176,-0.956298,0.271676,-0.24781,-0.929899,0.46202,-0.229987,-0.856502,0.891903,-0.225898,0.391736,0.867306,-0.28544,-0.407788,0.688986,-0.164983,0.70571,0,0.066927,0.997742,-0.000274667,0.347942,-0.937498,0,-0.0352488,-0.999359,0,-0.288125,-0.957579,-0.280313,-0.196051,-0.939665,-0.441908,0.177496,-0.879299,-0.0351573,0.73806,-0.673788,0.279092,0.612659,-0.739402,0.283975,0.560167,-0.778161,-0.443556,0.446272,-0.777215,0.281411,0.0324411,0.959014,-0.999969,0,0,-1,0,0,-1,0,0,0.000701926,0.752159,-0.658925,-0.000274667,0.347942,-0.937498,0.851131,0.314463,-0.42027,0.415662,-0.272347,0.867733,0.564165,0.136906,0.814203,-0.141148,-0.4991,0.854946,0.615375,0.0134891,0.788079,0.468001,-0.0708945,0.880856,0.986572,0.0894192,-0.136448,0.616718,0.0150151,-0.787011,0.143162,-0.175329,-0.974029,-0.033723,-0.757836,-0.651509,0,-0.763115,0.646229,-0.637593,-0.76516,-0.0894498,0.994446,-0.0937223,-0.0474868,0.631886,0.00140389,-0.775018,0,-0.997833,-0.0654012,-0.033723,-0.757836,-0.651509,-0.480148,-0.536698,-0.693808,0.384533,-0.169988,0.907285,0.098056,0.00408952,-0.995148,-0.252113,-0.222144,0.941832,-0.709738,-0.0712912,-0.700827,0.7022,-0.0489517,-0.710257,0.983764,-0.159673,-0.0815149,0.704154,-0.12241,-0.699362,-0.981994,-0.167577,-0.0871609,-0.573016,-0.169408,0.801813,-0.438948,-0.250801,0.862758,0.98941,-0.1377,-0.045259,0.506851,-0.144536,0.849818,0.476028,-0.206458,0.854823,-0.573016,-0.169408,0.801813,-0.00173956,-0.024842,-0.999664,-0.755913,-0.169897,-0.632191,-0.776605,-0.0773339,-0.625172,-0.0182195,-0.181188,-0.983245,-0.438948,-0.250801,0.862758,0.809992,-0.155461,0.565447,-0.976501,-0.188055,-0.105228,0.0242622,-0.0347911,-0.999084,-0.510117,-0.292825,0.808679,0.45616,-0.284219,0.843257,-0.776818,-0.050264,-0.627674,-0.981628,-0.187201,-0.0367443,-0.510117,-0.292825,0.808679,0.976257,-0.213019,0.0385449,0.732627,-0.0436414,-0.679189,0.702811,0.226112,-0.674459,0.0102542,0.289407,-0.957121,-0.551317,-0.396954,0.733757,0.468276,-0.370464,0.802149,-0.760521,0.156224,-0.630207,-0.551317,-0.396954,0.733757,0.997345,0.0026246,-0.0723899,-0.991729,-0.0661336,-0.109806,-0.610431,-0.176,0.77221,0.530534,-0.106876,0.840877,0.994079,0.0624409,-0.0886258,0.676626,0.123966,-0.725791,-0.0703146,0.118076,-0.990509,-0.610431,-0.176,0.77221,-0.792077,0.0490128,-0.608417,-0.127415,-0.0592059,-0.990051,-0.613666,0.200018,0.763756,0.528398,0.247291,0.812159,-0.805109,-0.0460219,-0.591296,-0.992248,-0.0515152,-0.113041,-0.613666,0.200018,0.763756,0.991119,0.0730918,-0.111026,0.664785,-0.0366527,-0.746086,0.986908,0.140507,-0.0788903,0.737815,-0.0646687,-0.671865,-0.0734581,-0.0112002,-0.997223,-0.676687,0.4756,0.561998,0.557543,0.549181,0.622486,-0.866604,-0.0584429,-0.495499,-0.998444,0.0531938,-0.0157475,-0.676687,0.4756,0.561998,0.506302,0.738823,0.444685,-0.929289,-0.0220649,-0.368664,-0.995972,0.0813013,-0.0371715,-0.557909,0.731681,0.391522,0.990295,0.132481,-0.0417188,0.830714,-0.0134586,-0.556505,-0.084048,0.299326,-0.950407,0.93466,-0.0227363,-0.354717,-0.0471206,-0.172857,-0.983795,-0.557909,0.731681,0.391522,0.50795,0.776574,0.372662,-0.937712,-0.040498,-0.345012,-0.944639,0.322489,-0.0600909,-0.476302,0.790094,0.385785,0.961119,0.273568,-0.0372936,-0.0214545,-0.517258,-0.855525,-0.877712,-0.436232,-0.198187,-0.966124,0.24723,-0.0738243,-0.544572,0.122105,0.829768,0.973174,0.217292,-0.0751976,0.819117,-0.521714,-0.23838,0.894375,-0.11774,-0.431471,-0.476302,0.790094,0.385785,0.554491,0.0833765,0.827967,-0.0400708,-0.712271,-0.700736,-0.551408,-0.73809,0.388714,0.532579,-0.778436,0.332163,-0.820154,-0.560808,0.113193,-0.551408,-0.73809,0.388714,0.843532,-0.537034,0.00122072,-0.979003,0.0755028,-0.189215,-0.996246,0.0111087,-0.085696,-0.979919,-0.165777,-0.11063,0.760979,-0.0714744,0.644795,0.836024,-0.409223,0.365459,0,-0.270608,-0.962676,0.284494,-0.264992,-0.921293,0.401715,-0.40904,-0.8193,0.219672,-0.335215,-0.916166,0.25248,-0.644307,-0.721824,0.460829,0.0937223,0.882504,0.291177,0.568682,0.76925,0,-0.24543,-0.96939,0.782037,-0.592334,-0.19367,0.447066,-0.524186,0.724784,0.433637,0.220191,0.873745,0.556749,-0.830622,0.00732441,0,0.667867,0.744255,0,0.638386,0.769707,0.153844,0.646657,0.747063,0.155644,-0.0850245,-0.98413,0.199683,-0.0448927,-0.97882,0.21955,0.344279,-0.912809,0.223426,0.580432,-0.783013,0,0.322306,-0.946623,0.252113,0.967681,-0.00198366,0.252876,0.838862,0.481979,0.20716,0.597156,0.774865,0,0.467605,-0.883908,0.332865,0.790674,-0.51381,0.221198,-0.0587482,0.973449,0.276315,0.858333,0.432295,-0.0052797,0.73986,0.67272,0.332865,0.790674,-0.51381,0,0.428388,0.903592,0.23368,0.765923,-0.598926,0.336467,0.941649,0.007355,0.767541,-0.326945,-0.551317,0.776147,-0.630512,0.00415049,0.577502,-0.682821,0.447401,0,-0.852535,0.522629,0,-0.277383,-0.960753,0.767541,-0.326945,-0.551317,0.74221,-0.66097,-0.110447,0.856014,-0.237251,0.459273,0.750023,-0.434828,0.498367,0.856014,-0.237251,0.459273,0.468215,-0.201697,0.860256,0.750023,-0.434828,0.498367,0.343059,-0.881252,-0.325083,0.74221,-0.66097,-0.110447,0.532212,-0.842433,-0.0838344,0.750023,-0.434828,0.498367,0.395856,-0.779595,0.485275,0,-0.850063,-0.526627,0.46617,-0.792596,-0.393017,0.343059,-0.881252,-0.325083,0.395856,-0.779595,0.485275,0,-0.479232,0.877651,0,-0.742424,0.669881,0,-0.877682,-0.479171,0.466842,-0.660756,-0.587725,0.46617,-0.792596,-0.393017,0.854946,-0.518448,-0.0159612,0,-0.742424,0.669881,0.854946,-0.518448,-0.0159612,0.868801,-0.146886,0.472823,0,-0.721885,-0.691977,0.544267,-0.384075,-0.745811,0.466842,-0.660756,-0.587725,0.942839,-0.33021,0.044618,0.865993,-0.0383618,0.49855,0.868801,-0.146886,0.472823,0,-0.455916,-0.889981,0.585223,-0.113376,-0.802881,0.544267,-0.384075,-0.745811,0.967009,-0.0592364,-0.247688,0.951018,0.202765,-0.233253,0.859157,0.184759,0.477126,0,-0.188971,-0.981964,0.619709,0.197668,-0.759514,0.585223,-0.113376,-0.802881,0.787927,0.575488,-0.21894,0.727836,0.571184,0.379406,0,0.722465,-0.691366,0.506211,0.589465,-0.629475,0.619709,0.197668,-0.759514,0.488021,0.867031,-0.100101,0.43675,0.85284,0.286142,0,0.876614,-0.481124,0.379803,0.847102,-0.371624,0.506211,0.589465,-0.629475,0,0.999695,0.0239876,0,0.999695,0.0239876,0.379803,0.847102,-0.371624,0,0.86285,0.505387,0.43675,0.85284,0.286142,0,0.999695,0.0239876,0.450575,-0.0531328,0.89114,0.442793,0.0246284,0.896268,0,0.0118106,0.999908,0,0.128971,0.991638,0.455031,0.199042,0.867916,0,0.499924,0.866054,0.455031,0.199042,0.867916,0.476241,0.53975,0.694113,0.727836,0.571184,0.379406,0.859157,0.184759,0.477126,0.865993,-0.0383618,0.49855,0.868801,-0.146886,0.472823,0.865993,-0.0383618,0.49855,0,0.292428,0.956267,0,0.176916,0.984222,0.0491653,0.998749,-0.00863669,0.0491958,0.648915,-0.759239,0.0545061,-0.721671,0.690054,0.0580767,-0.0871304,0.994476,0.0545061,-0.721671,0.690054,0.0621662,-0.139988,-0.988189,0.0652486,-0.811853,-0.580157,0.0491653,0.998749,-0.00863669,0.0625629,0.628193,0.775506,0.0581988,-0.997833,0.0304269,0.0546281,-0.104251,-0.993042,0.0650349,0.667654,-0.7416,0.0711692,-0.109165,-0.991455,0.0419324,0.678427,-0.733451,0.0551469,-0.998383,0.0137333,0.0731224,-0.800165,-0.595264,0.0720542,-0.997375,0.00494395,0.0585345,-0.795556,-0.602985,-0.0332041,-0.0772423,-0.996429,0.0629902,-0.852229,-0.519303,0.01648,-0.762596,-0.646626,0.0260018,-0.710837,0.702841,0.187231,-0.977538,0.0967436,-0.182165,-0.811792,0.554735,-0