{"model":{"version":3,"nodes":[{"name":"RootNode","position":[0,0,0],"rotation":[0,0,0],"scale":[0.01,0.01,0.01],"scaleCompensation":false},{"name":"chibi","position":[0,165,0],"rotation":[2.50448e-06,-0,0],"scale":[75.2663,75.2663,75.2663],"scaleCompensation":false},{"name":"corbata","position":[-0.00146584,0.200165,0.175634],"rotation":[-16.0214,0,0],"scale":[0.164152,0.164152,0.164152],"scaleCompensation":false},{"name":"credencial","position":[0.146233,0.181225,0.214193],"rotation":[-9.67934,8.35682,-4.09165],"scale":[0.082433,0.0613514,0.0613514],"scaleCompensation":false},{"name":"mixamorig:Hips","position":[0,128.243,0.872814],"rotation":[0,0,0],"scale":[1,1,1],"scaleCompensation":false},{"name":"mixamorig:Spine","position":[0,13.481,-0.0941908],"rotation":[0.824367,0.65841,1.39746],"scale":[1,1,1],"scaleCompensation":false},{"name":"mixamorig:Spine1","position":[0,15.7282,0],"rotation":[0,0,0],"scale":[1,1,1],"scaleCompensation":false},{"name":"mixamorig:Spine2","position":[0,17.975,-2.22045e-16],"rotation":[0,0,0],"scale":[1,1,1],"scaleCompensation":false},{"name":"mixamorig:Neck","position":[0,20.2219,1.8699e-07],"rotation":[-9.96613,0.160805,-0.373061],"scale":[1,1,1],"scaleCompensation":false},{"name":"mixamorig:Head","position":[0,10.8602,-2.52678],"rotation":[0,0,0],"scale":[1,1,1],"scaleCompensation":false},{"name":"mixamorig:HeadTop_End","position":[0,48.6945,-11.3294],"rotation":[0,0,0],"scale":[1,1,1],"scaleCompensation":false},{"name":"mixamorig:LeftShoulder","position":[7.49892,17.4353,-0.0288274],"rotation":[127.19,83.9283,5.55587],"scale":[1,1,1],"scaleCompensation":false},{"name":"mixamorig:LeftArm","position":[-4.44089e-16,16.0122,2.84217e-14],"rotation":[50.4506,12.6206,20.0513],"scale":[1,1,1],"scaleCompensation":false},{"name":"mixamorig:LeftForeArm","position":[-2.22045e-16,35.4797,0],"rotation":[0.0652214,-0.653139,8.50856],"scale":[1,1,1],"scaleCompensation":false},{"name":"mixamorig:LeftHand","position":[2.22045e-16,34.0272,-2.84217e-14],"rotation":[-14.4338,-16.1722,20.5991],"scale":[1,1,1],"scaleCompensation":false},{"name":"mixamorig:LeftHandThumb1","position":[-2.19411,3.1477,1.13198],"rotation":[23.2794,-1.73605,24.1417],"scale":[1,1,1],"scaleCompensation":false},{"name":"mixamorig:LeftHandThumb2","position":[0.386821,3.17689,-2.84217e-14],"rotation":[-2.48588,1.44448,-25.2513],"scale":[1,1,1],"scaleCompensation":false},{"name":"mixamorig:LeftHandThumb3","position":[-0.29294,2.59855,0],"rotation":[0.00232224,-0.0525053,3.95019],"scale":[1,1,1],"scaleCompensation":false},{"name":"mixamorig:LeftHandThumb4","position":[-0.0938808,2.16743,0],"rotation":[0,0,0],"scale":[1,1,1],"scaleCompensation":false},{"name":"mixamorig:LeftHandIndex1","position":[-8.88178e-16,11.9855,0.00620243],"rotation":[14.2041,-6.36783,-13.0961],"scale":[1,1,1],"scaleCompensation":false},{"name":"mixamorig:LeftHandIndex2","position":[-0.028473,2.69392,-2.84217e-14],"rotation":[11.3136,0.634313,-1.18976],"scale":[1,1,1],"scaleCompensation":false},{"name":"mixamorig:LeftHandIndex3","position":[-0.0190338,2.48035,0],"rotation":[0.00223618,0.0929871,1.81065],"scale":[1,1,1],"scaleCompensation":false},{"name":"mixamorig:LeftHandIndex4","position":[0.0475067,1.98364,0],"rotation":[0,0,0],"scale":[1,1,1],"scaleCompensation":false},{"name":"mixamorig:RightShoulder","position":[-7.49892,17.4352,-0.0101128],"rotation":[132.943,-86.5786,-14.1251],"scale":[1,1,1],"scaleCompensation":false},{"name":"mixamorig:RightArm","position":[-2.22045e-16,16.0122,0],"rotation":[52.5126,-20.9869,-21.7234],"scale":[1,1,1],"scaleCompensation":false},{"name":"mixamorig:RightForeArm","position":[0,35.48,2.84217e-14],"rotation":[0.0594793,1.01395,-9.99226],"scale":[1,1,1],"scaleCompensation":false},{"name":"mixamorig:RightHand","position":[-2.22045e-16,34.0272,-2.84217e-14],"rotation":[-29.2081,26.4327,-21.4355],"scale":[1,1,1],"scaleCompensation":false},{"name":"mixamorig:RightHandThumb1","position":[2.16029,3.12122,1.26367],"rotation":[21.1251,3.88387,-20.1885],"scale":[1,1,1],"scaleCompensation":false},{"name":"mixamorig:RightHandThumb2","position":[-0.312164,3.18531,2.84217e-14],"rotation":[-0.166204,-0.828732,28.3857],"scale":[1,1,1],"scaleCompensation":false},{"name":"mixamorig:RightHandThumb3","position":[0.318517,2.51864,0],"rotation":[0.0018053,-0.530666,-7.40305],"scale":[1,1,1],"scaleCompensation":false},{"name":"mixamorig:RightHandThumb4","position":[-0.00635311,1.87348,0],"rotation":[0,0,0],"scale":[1,1,1],"scaleCompensation":false},{"name":"mixamorig:RightHandIndex1","position":[0,11.9293,0.00328886],"rotation":[14.0966,6.2918,9.06728],"scale":[1,1,1],"scaleCompensation":false},{"name":"mixamorig:RightHandIndex2","position":[0.034429,2.65632,0],"rotation":[5.21334,-0.0891019,0.639134],"scale":[1,1,1],"scaleCompensation":false},{"name":"mixamorig:RightHandIndex3","position":[0.0298547,2.58042,5.68434e-14],"rotation":[-0.00126593,0.0455444,-2.23187],"scale":[1,1,1],"scaleCompensation":false},{"name":"mixamorig:RightHandIndex4","position":[-0.0642837,2.34897,0],"rotation":[0,0,0],"scale":[1,1,1],"scaleCompensation":false},{"name":"mixamorig:LeftUpLeg","position":[11.0898,-7.50182,0.13068],"rotation":[11.7779,-3.7437,-171.311],"scale":[1,1,1],"scaleCompensation":false},{"name":"mixamorig:LeftLeg","position":[3.55271e-15,59.1749,1.77636e-15],"rotation":[-13.992,-0.418106,-2.86992],"scale":[1,1,1],"scaleCompensation":false},{"name":"mixamorig:LeftFoot","position":[3.55271e-15,50.6663,0],"rotation":[49.69,-30.2973,0.475285],"scale":[1,1,1],"scaleCompensation":false},{"name":"mixamorig:LeftToeBase","position":[0,16.0565,-1.77636e-15],"rotation":[39.3392,-0.851412,1.09209],"scale":[1,1,1],"scaleCompensation":false},{"name":"mixamorig:LeftToe_End","position":[0,7.32702,2.22045e-16],"rotation":[0,0,0],"scale":[1,1,1],"scaleCompensation":false},{"name":"mixamorig:RightUpLeg","position":[-11.0898,-7.50182,0.19295],"rotation":[-0.000645013,6.42536,-174.732],"scale":[1,1,1],"scaleCompensation":false},{"name":"mixamorig:RightLeg","position":[-3.55271e-15,59.1856,0],"rotation":[-7.06894,0.346396,2.58577],"scale":[1,1,1],"scaleCompensation":false},{"name":"mixamorig:RightFoot","position":[0,50.6692,0],"rotation":[57.9949,24.8347,-4.70412],"scale":[1,1,1],"scaleCompensation":false},{"name":"mixamorig:RightToeBase","position":[0,16.2488,1.77636e-15],"rotation":[42.8572,-3.38709,0.488281],"scale":[1,1,1],"scaleCompensation":false},{"name":"mixamorig:RightToe_End","position":[0,7.45654,2.22045e-16],"rotation":[0,0,0],"scale":[1,1,1],"scaleCompensation":false}],"parents":[-1,0,1,1,0,4,5,6,7,8,9,7,11,12,13,14,15,16,17,14,19,20,21,7,23,24,25,26,27,28,29,26,31,32,33,4,35,36,37,38,4,40,41,42,43],"skins":[{"inverseBindMatrices":[[1,-0,-0,0,-0,0.999976,0.00698679,0,0,-0.00698679,0.999976,0,-0,-175.418,-1.7688,1],[1,-0,-0,0,-0,0.999976,0.00698678,0,0,-0.00698678,0.999976,0,-0,-141.715,-1.7688,1],[1,-0,-0,0,-0,0.999976,0.00698679,0,0,-0.00698679,0.999976,0,-0,-157.443,-1.7688,1],[1,-0,0,0,0,1,-0,0,0,0,1,0,-0,-128.243,-0.872814,1],[-0.996645,0.0818474,-1.99493e-17,0,-0.0815746,-0.993323,-0.0815744,0,-0.00667666,-0.0813007,0.996667,0,20.9087,119.109,8.84925,1],[-0.996646,-0.0818327,6.15827e-17,0,0.0815451,-0.993144,-0.0837575,0,0.0068541,-0.0834766,0.996486,0,-20.9058,119.095,9.05096,1],[-0.00382781,0.938112,-0.346311,0,-0.00699378,-0.34633,-0.938087,0,-0.999968,-0.0011688,0.00788663,0,1.77002,59.7592,183.514,1],[-0.0021372,0.998639,-0.0521169,0,-0.0076179,-0.0521317,-0.998611,0,-0.999969,-0.00173721,0.00771894,0,1.84886,-12.7238,188.226,1],[-0.99914,0.0412787,-0.00397113,0,-0.0413311,-0.999045,0.01416,0,-0.00338283,0.014312,0.999892,0,18.4675,61.299,2.99296,1],[-0.977991,0.182953,0.100303,0,-0.0374684,-0.626924,0.778179,0,0.205253,0.757295,0.619981,0,18.6856,6.14806,-8.72418,1],[-0.981747,0.172776,-0.0795104,0,-0.0757783,0.028101,0.996729,0,0.174446,0.98456,-0.0144953,0,19.0929,-12.5946,0.525173,1],[1,-0,0,0,0,1,-0,0,0,0,1,0,-0,-195.648,-0.40186,1],[1,-0,0,0,0,1,-0,0,0,0,1,0,-0,-206.508,2.12492,1],[0.000920463,0.999914,0.0130942,0,-0.00777748,0.013101,-0.999884,0,-0.999969,0.000818516,0.00778887,0,1.70126,-60.3767,184.683,1],[0.00215414,0.983672,0.179955,0,-0.0196514,0.179962,-0.983477,0,-0.999805,-0.00141781,0.0197182,0,3.79523,-123.931,166.282,1],[-0.021602,0.99892,0.0411365,0,-0.0239917,0.0406163,-0.998887,0,-0.999479,-0.0225649,0.0230884,0,7.07647,-111.286,183.577,1],[0.66131,0.749292,-0.0350894,0,0.106117,-0.13976,-0.984483,0,-0.742569,0.647324,-0.171937,0,-80.784,-47.125,186.313,1],[-0.021602,0.999686,-0.0127252,0,-0.0239917,-0.0132428,-0.999624,0,-0.999479,-0.0212886,0.0242702,0,7.10495,-103.927,189.45,1],[0.66131,0.731452,-0.166275,0,0.106117,-0.310664,-0.944578,0,-0.742569,0.607014,-0.283065,0,-81.1708,-16.7629,192.254,1],[0.66131,0.72944,-0.174893,0,0.106117,-0.321786,-0.940847,0,-0.742569,0.603632,-0.290206,0,-80.8779,-17.0921,192.469,1],[-0.021602,0.977501,-0.209822,0,-0.0239917,-0.210317,-0.977339,0,-0.999479,-0.0160785,0.0279952,0,7.12398,-66.9141,206.727,1],[-0.00133556,-0.938112,0.346329,0,0.00699238,-0.34633,-0.938087,0,0.999975,0.0011688,0.00702218,0,-1.76978,59.7583,183.515,1],[-0.00449989,-0.998631,0.0521057,0,0.00582413,-0.0521315,-0.998623,0,0.999973,-0.00419023,0.00605075,0,-1.62221,-12.7225,188.228,1],[-0.999139,-0.041276,0.00421371,0,0.0413447,-0.998987,0.0177901,0,0.00347514,0.017949,0.999833,0,-18.4677,61.3105,2.83904,1],[-0.97874,-0.180786,-0.0968722,0,0.0368141,-0.619482,0.784147,0,-0.201773,0.76391,0.612967,0,-18.6573,6.03381,-8.82339,1],[-0.982318,-0.169774,0.0789177,0,0.0753031,0.027636,0.996778,0,-0.171408,0.985095,-0.0143628,0,-19.0683,-12.9006,0.516429,1],[0.00171626,-0.999913,-0.0130905,0,0.00614852,0.0131008,-0.999895,0,0.99998,0.00163559,0.00617046,0,-1.32214,-60.3768,184.686,1],[-0.00124086,-0.982838,-0.184465,0,0.0280166,0.184358,-0.98246,0,0.999607,-0.00638716,0.027307,0,-5.65952,-124.67,165.675,1],[0.00925401,-0.999594,-0.0269649,0,0.0260464,0.0271979,-0.999291,0,0.999618,0.00854511,0.0262875,0,-4.20059,-108.777,185.171,1],[0.638514,-0.767092,0.0622042,0,-0.0986717,-0.161755,-0.981886,0,0.763259,0.62081,-0.178973,0,77.2052,-44.6728,188.326,1],[0.638514,-0.755795,0.14517,0,-0.0986717,-0.267466,-0.958502,0,0.763259,0.597693,-0.245356,0,77.5173,-27.1158,192.41,1],[0.00925401,-0.999953,0.00303724,0,0.0260464,-0.0027953,-0.999657,0,0.999618,0.00932995,0.0260193,0,-4.23502,-105.828,188.431,1],[0.00925401,-0.995192,-0.0975058,0,0.0260464,0.0977167,-0.994873,0,0.999618,0.0066669,0.0268254,0,-4.26487,-126.802,176.578,1],[0.638514,-0.769028,0.0299294,0,-0.0986717,-0.12037,-0.987813,0,0.763259,0.627779,-0.152739,0,77.1988,-58.216,185.771,1]],"boneNames":["mixamorig:Spine2","mixamorig:Spine","mixamorig:Spine1","mixamorig:Hips","mixamorig:LeftUpLeg","mixamorig:RightUpLeg","mixamorig:LeftShoulder","mixamorig:LeftArm","mixamorig:LeftLeg","mixamorig:LeftFoot","mixamorig:LeftToeBase","mixamorig:Neck","mixamorig:Head","mixamorig:LeftForeArm","mixamorig:LeftHand","mixamorig:LeftHandIndex1","mixamorig:LeftHandThumb1","mixamorig:LeftHandIndex2","mixamorig:LeftHandThumb2","mixamorig:LeftHandThumb3","mixamorig:LeftHandIndex3","mixamorig:RightShoulder","mixamorig:RightArm","mixamorig:RightLeg","mixamorig:RightFoot","mixamorig:RightToeBase","mixamorig:RightForeArm","mixamorig:RightHand","mixamorig:RightHandIndex1","mixamorig:RightHandThumb1","mixamorig:RightHandThumb2","mixamorig:RightHandIndex2","mixamorig:RightHandIndex3","mixamorig:RightHandThumb3"]},{"inverseBindMatrices":[[1,-0,-0,0,-0,0.999976,0.00698679,0,0,-0.00698679,0.999976,0,-0,-175.418,-1.7688,1],[1,-0,-0,0,-0,0.999976,0.00698678,0,0,-0.00698678,0.999976,0,-0,-141.715,-1.7688,1],[1,-0,-0,0,-0,0.999976,0.00698679,0,0,-0.00698679,0.999976,0,-0,-157.443,-1.7688,1],[1,-0,0,0,0,1,-0,0,0,0,1,0,-0,-128.243,-0.872814,1],[1,-0,0,0,0,1,-0,0,0,0,1,0,-0,-195.648,-0.40186,1],[1,-0,0,0,0,1,-0,0,0,0,1,0,-0,-206.508,2.12492,1]],"boneNames":["mixamorig:Spine2","mixamorig:Spine","mixamorig:Spine1","mixamorig:Hips","mixamorig:Neck","mixamorig:Head"]},{"inverseBindMatrices":[[1,-0,-0,0,-0,0.999976,0.00698679,0,0,-0.00698679,0.999976,0,-0,-175.418,-1.7688,1],[-0.00382781,0.938112,-0.346311,0,-0.00699378,-0.34633,-0.938087,0,-0.999968,-0.0011688,0.00788663,0,1.77002,59.7592,183.514,1]],"boneNames":["mixamorig:Spine2","mixamorig:LeftShoulder"]}],"morphs":[],"vertices":[{"position":{"type":"float32","components":3,"data":[6.79849,156.195,17.2149,0,166.565,16.5657,0,156.195,17.2149,6.44051,146.105,18.2901,-0.000554566,134.348,18.8212,3.65219,134.348,18.7548,7.30493,134.348,18.6884,-0.000554566,127.638,18.3565,6.88503,120.255,16.5376,7.48148,127.638,18.2238,-0.000554566,121.082,18.1625,3.83468,109.728,12.2081,13.2295,120.255,13.5981,16.5857,127.638,10.6373,12.6348,127.638,15.0944,11.4705,134.348,15.6347,12.159,146.105,10.3239,9.29977,146.105,15.502,12.7312,156.195,9.78102,8.96814,156.195,14.2946,20.7868,123.122,-0.0104912,19.8566,127.638,-0.021296,14.8632,134.348,10.4567,16.8369,146.105,0.10067,16.4255,156.195,0.0409824,13.3267,120.255,-9.4764,12.1696,127.638,-10.4656,17.8836,134.348,-0.0321005,11.0125,134.348,-8.92181,7.16254,146.105,-6.8942,5.85132,156.195,-5.10446,10.3323,156.195,-4.36,7.61242,166.565,-5.83538,13.0067,166.565,-3.93876,15.8281,166.565,9.1306,17.2545,166.565,-0.0305219,12.4074,166.565,12.8482,-0.000294941,146.105,18.5557,-1.09527e-09,146.105,-7.5997,0,156.195,-6.1803,0,166.565,-7.04399,-0.081158,120.255,-12.5747,-0.000554567,127.638,-12.7061,-0.000294943,142.195,-8.27447,3.44287,134.348,-10.4963,3.73669,132.192,-11.5337,-0.000554567,134.348,-10.8677,16.0476,132.192,-3.38442,11.3843,132.192,-9.41782,17.4666,132.192,3.39608,15.4166,132.192,10.5148,14.1472,132.192,11.9468,11.8446,132.192,15.4611,4.95762,132.192,18.5818,7.36165,132.192,18.5391,-1.09527e-09,146.105,-7.5997,10.1888,132.192,16.4666,8.10161,166.565,16.5657,3.83468,109.728,12.2081,17.9504,120.255,10.5619,18.3273,110.588,10.2956,21.4659,117.333,0.102143,17.1188,113.032,-7.6487,10.9982,110.206,-9.42589,-0.000554567,132.192,-11.4584,-3.73779,132.192,-11.5337,-0.000554567,110.293,-8.62487,-0.000554566,108.713,13.7583,1.59914,105.281,-0.273144,21.7027,101.016,0.124246,16.9453,101.016,-7.99706,-0.000554566,105.384,-0.34948,-0.000554567,110.293,-8.62487,4.15844,106.53,-5.63345,17.0694,101.016,9.6571,11.5702,101.016,-12.2599,5.34764,101.016,10.2499,5.34633,101.016,-6.30417,18.0182,86.0551,-7.75539,23.4312,69.5761,-2.67148,19.7948,69.5761,-7.49033,5.14522,86.0551,-1.56371,10.93,69.5761,3.3367,7.61558,86.0551,6.95286,22.7632,86.0551,-1.2091,19.8897,69.5761,2.98493,18.1295,86.0551,6.47499,10.93,69.5761,3.3367,13.1095,86.0551,-12.6668,10.9269,69.5761,-6.81867,7.63453,86.0551,-7.13045,15.6183,69.5761,-12.1781,7.61558,86.0551,6.95286,2.24994,101.016,-0.31568,15.9438,65.2957,-12.0458,11.3774,65.2957,3.23053,19.5235,65.2957,2.91071,11.5152,65.2957,-6.00269,9.46343,65.2957,-2.46941,11.3774,65.2957,3.23053,22.7434,65.2957,-2.23208,19.4372,65.2957,-6.61335,19.0513,59.6168,-7.54732,15.9766,59.6168,-12.3219,11.8604,59.6168,1.23524,19.1282,59.6168,0.949894,11.7683,59.6168,-7.0025,11.8604,59.6168,1.23524,22.5174,59.6168,-3.63842,10.1528,59.6168,-3.85016,12.119,51.4801,-0.620998,20.6026,51.4801,-0.938435,23.7984,51.4801,-6.96251,20.5169,51.4801,-11.3111,16.1186,51.4801,-14.1927,12.119,51.4801,-0.620998,12.1774,51.4801,-10.705,16.9409,21.8522,-11.5488,14.7539,22.6707,-1.89212,20.2068,21.5953,-2.4328,14.6244,22.3567,-9.37882,10.6176,51.4801,-7.19807,14.7539,22.6707,-1.89212,22.7859,20.5795,-7.04333,20.1491,21.1536,-9.75593,23.3917,16.1492,-5.17055,21.1711,15.6271,-8.62151,17.1063,14.6714,-11.8079,14.0223,14.6673,0.789041,21.2476,16.376,1.0144,13.8793,13.9127,-8.60615,12.4231,14.6982,-5.3868,14.0223,14.6673,0.789041,20.7418,11.2178,2.79526,14.549,11.2178,-7.57011,13.9201,11.2178,-3.37756,14.6708,11.2178,3.16221,22.8098,11.2178,-3.10526,20.6873,11.2178,-7.67107,17.1973,11.2178,-11.7398,22.2839,9.25564,-4.36511,17.3257,6.62573,-13.4973,14.6708,11.2178,3.16221,21.6007,6.62572,12.7777,14.065,6.62572,-5.95984,12.2656,6.62572,1.61906,13.9301,6.62572,13.441,23.8792,6.62572,1.65029,17.4739,3.06151,-13.1419,12.8076,0.365796,-2.67785,10.7045,3.06151,4.02685,12.8114,3.06151,18.3,24.9572,3.06151,3.95843,22.4937,0.365796,-2.657,21.579,6.62572,-6.05369,13.9301,6.62572,13.441,22.5212,3.06151,18.2287,17.3494,0.360018,-12.9111,12.7531,0.360017,16.0375,22.4307,0.360017,15.3113,12.7198,0.360018,-4.09017,12.7531,0.360017,16.0375,25.7326,0.360018,5.81637,13.9956,8.82496,-4.72314,13.049,22.6997,-7.20386,8.82487,69.5761,-2.93251,15.3299,174.164,12.0232,9.51391,176.522,15.9595,1.02774e-16,176.584,17.312,18.3681,174.164,7.59558,0,174.164,-8.54225,8.65595,174.164,-7.44307,16.1189,174.164,-5.16299,-9.51391,176.522,15.9595,10.0978,180.303,-7.89803,23.209,179.831,-4.68242,9.05061,186.247,14.1094,0,180.724,-10.2879,20.5084,174.164,-0.0672032,23.209,180.372,5.96913,14.0091,184.54,10.8821,23.209,178.179,-0.00634907,-1.02774e-16,184.671,14.5239,0,191.179,9.94149,8.71159,191.346,9.92981,23.209,184.744,-7.07228,10.8661,185.702,-9.75681,11.3784,190.925,-8.29634,23.209,190.453,-5.34627,0,191.744,-10.5534,23.209,193.744,0.230062,8.71159,196.73,3.68962,23.209,190.591,6.36744,0,196.73,-8.0308,11.3784,196.73,-5.3754,23.209,184.95,7.4296,6.49032,201.236,4.30858,4.26677,200.01,1.49644,11.3784,196.73,-5.3754,2.96229e-09,200.01,3.49635,3.76863,200.01,-4.58491,5.78557,200.01,-2.49839,3.86262,204.274,-4.2554,4.54224,205.506,-2.58962,2.71175,205.363,0.782363,1.79767e-07,204.774,3.14723,2.96229e-09,203.302,-6.53783,3.86262,204.274,-4.2554,11.5929,210.184,-7.08044,13.0351,214.848,2.78882,10.9792,210.157,4.1315,13.0351,214.848,2.78882,3.61552,214.848,9.69484,10.9792,210.157,4.1315,5.61855,206.318,-7.2455,11.5929,210.184,-7.08044,8.23444,206.68,-3.8064,10.9792,210.157,4.1315,4.97656,205.201,5.64378,1.77869e-07,206.318,-8.94743,9.24234,210.157,-14.2862,5.61855,206.318,-7.2455,4.97656,205.201,5.64378,1.68259e-07,212.372,9.89629,1.68259e-07,205.096,7.36643,1.68259e-07,210.157,-17.3405,8.50897,214.848,-22.2067,9.24234,210.157,-14.2862,14.3084,214.38,-9.33812,1.68259e-07,205.096,7.36643,14.3084,214.38,-9.33812,15.3487,222.405,1.07754,1.68259e-07,214.848,-24.7673,9.03099,222.405,-27.321,8.50897,214.848,-22.2067,19.3603,222.405,-13.6391,16.3138,230.149,0.427228,15.3487,222.405,1.07754,1.68259e-07,222.405,-31.0338,9.03099,230.149,-29.5581,9.03099,222.405,-27.321,20.4632,230.149,-16.1103,19.8888,237.377,-16.1103,16.3138,237.377,-0.492469,1.68259e-07,230.149,-33.505,9.03099,237.377,-29.5581,9.03099,230.149,-29.5581,16.8882,244.89,-15.772,14.1248,244.89,-2.42102,1.68259e-07,244.89,-29.76,8.22224,244.89,-25.5029,9.03099,237.377,-29.5581,9.42721,251,-13.3159,17.7253,255.518,-7.04444,1.68259e-07,251,-22.0811,8.21018,254.075,-29.5759,8.22224,244.89,-25.5029,16.6759,253.425,-24.7818,1.68259e-07,253.621,-9.51597,7.56045,251,-3.73596,7.90226,257.64,-10.4061,1.68259e-07,253.621,-9.51597,6.01392,251,-19.2287,2.92786,257.231,-20.5438,6.96984,255.65,-15.7346,1.68259e-07,250.971,1.68334,3.5167,256.219,-4.42019,7.07576,222.405,8.87282,7.5349,230.149,8.94656,1.68259e-07,222.405,10.0079,1.68259e-07,237.377,9.48739,7.5349,237.377,8.30119,6.4934,244.89,5.43411,-0.44039,259.6,19.7206,16.6119,252.472,2.80862,14.1248,244.89,-2.42102,7.5349,237.377,8.30119,16.3138,237.377,-0.492469,16.3138,230.149,0.427228,15.3487,222.405,1.07754,16.3138,230.149,0.427228,1.68259e-07,218.349,10.1411,1.68259e-07,216.205,13.3778,53.1252,190.45,0.287295,53.1252,188.193,-4.18879,53.1252,182.086,4.52278,53.1252,184.979,5.85977,53.1252,182.086,4.52278,53.1252,184.586,-5.01638,53.1252,181.506,-3.24408,53.1252,190.45,0.287295,53.1252,188.288,5.10506,53.1252,180.536,0.0784501,58.2288,184.846,-5.08533,62.5325,188.168,-3.58646,62.5325,184.839,-4.79915,58.2288,188.456,-3.81998,58.2288,180.694,0.0947564,62.5325,182.094,-3.08159,62.4578,181.177,0.106399,58.2288,181.739,-3.33331,91.6869,185.516,-2.59578,96.0843,182.912,-2.7006,91.6869,183.655,-1.64513,91.6869,183.86,2.5919,96.0843,182.73,0.091056,95.3928,184.33,3.76692,91.6869,187.679,-1.9092,96.0843,190.053,0.232196,96.0843,188.364,-3.09692,91.6869,187.731,2.75034,96.0843,185.54,4.53038,96.0843,188.435,3.89626,96.0843,185.434,-4.12737,91.6869,183.03,0.214942,91.6869,188.925,0.308983,91.6869,185.594,3.17285,98.6858,184.335,-2.7006,98.8012,184.323,0.091056,104.634,187.998,-3.45449,99.2978,186.081,4.53038,104.634,188.029,3.9894,104.634,188.895,3.44419,104.634,189.306,-0.121829,104.634,189.067,-1.47495,100.627,185.398,-2.22776,100.292,183.712,5.68807,101.796,183.826,7.84073,101.807,183.036,7.84652,104.634,189.005,2.72792,104.634,189.078,2.25352,18.9018,215.567,-16.0104,21.1436,222.3,-17.6321,108.781,188.86,2.61706,111.11,188.539,3.11737,111.11,188.599,2.59211,109.49,188.492,-2.26342,109.49,188.545,-1.86254,109.49,187.662,-2.03016,108.781,187.227,0.744833,112.928,188.765,0.866204,112.928,187.548,0.860542,104.634,187.218,2.25067,104.634,187.27,2.72997,107.729,187.386,-2.10407,109.49,188.046,-2.86989,104.634,186.99,0.172492,104.634,189.379,0.293844,104.634,187.054,0.763087,107.729,187.365,-1.87396,109.49,187.649,-1.86478,104.634,188.978,-1.98289,104.634,187.163,-1.47203,104.634,187.218,-1.98617,100.476,185.524,3.23974,104.634,187.326,3.23974,111.11,188.067,3.51719,111.11,187.683,2.96744,112.928,188.642,1.94299,112.928,187.636,1.94093,111.713,188.651,-1.19749,111.713,187.503,-0.173189,111.713,187.584,-1.19529,108.781,187.455,3.10475,108.781,188.043,3.81908,108.842,187.201,-0.0928602,108.781,187.408,2.61901,111.11,187.653,2.59361,107.729,188.836,-1.87084,108.781,187.364,2.1623,111.713,188.785,-0.177282,108.842,189.109,-0.0980284,107.729,188.749,-2.42864,107.729,188.017,-3.27252,108.781,188.768,3.29957,108.781,188.921,2.16501,108.842,188.909,-1.38643,108.842,187.321,-1.38365,108.781,189.112,0.752262,104.634,189.306,0.770884,104.634,187.02,-0.116401,104.634,188.874,-2.56852,104.634,187.243,-2.22776,100.63,183.599,7.86506,100.63,182.615,7.85903,97.4109,184.087,5.77962,100.116,185.399,5.6858,98.0924,184.987,5.66891,98.9395,184.195,3.65847,100.833,185.446,0.172492,-6.79849,156.195,17.2149,-8.10161,166.565,16.5657,-6.4411,146.105,18.2901,-6.88614,120.255,16.5376,-7.48259,127.638,18.2238,-3.83579,109.728,12.2081,-16.5868,127.638,10.6373,-13.2306,120.255,13.5981,-12.6359,127.638,15.0944,-12.1596,146.105,10.3239,-11.4717,134.348,15.6347,-9.30036,146.105,15.502,-12.7312,156.195,9.78102,-8.96814,156.195,14.2946,-20.7879,123.122,-0.0104912,-17.9515,120.255,10.5619,-16.8375,146.105,0.10067,-14.8643,134.348,10.4567,-16.4255,156.195,0.0409824,-19.8578,127.638,-0.021296,-13.3278,120.255,-9.4764,-17.8847,134.348,-0.0321005,-11.0136,134.348,-8.92181,-5.85132,156.195,-5.10446,-7.16313,146.105,-6.8942,-10.3323,156.195,-4.36,-7.61242,166.565,-5.83538,-13.0067,166.565,-3.93876,-15.8281,166.565,9.1306,-12.4074,166.565,12.8482,-12.1707,127.638,-10.4656,-7.47502,132.192,-10.4651,-11.3854,132.192,-9.41783,-16.0487,132.192,-3.38446,-18.5187,132.192,-0.028629,-17.4677,132.192,3.39608,-15.4177,132.192,10.5148,-14.1483,132.192,11.9468,-11.8457,132.192,15.4611,-1.57279,132.527,19.3235,-0.000554566,132.192,18.6719,-0.000554591,132.527,19.3521,-2.47964,132.192,18.6268,-10.1899,132.192,16.4666,-7.30604,134.348,18.6884,-7.36276,132.192,18.5391,-3.83579,109.728,12.2081,-18.3284,110.588,10.2956,-21.467,117.333,0.102143,-17.1199,113.032,-7.6487,-10.9993,110.206,-9.42589,-1.60025,105.281,-0.273144,-21.7038,101.016,0.124246,-4.15955,106.53,-5.63345,-17.0705,101.016,9.6571,-16.9464,101.016,-7.99706,-5.34875,101.016,10.2499,-5.34744,101.016,-6.30417,-18.0187,86.0551,-7.75539,-23.4312,69.5761,-2.67148,-22.7638,86.0551,-1.2091,-10.93,69.5761,3.3367,-5.14581,86.0551,-1.56371,-7.61617,86.0551,6.95286,-19.8897,69.5761,2.98493,-18.1301,86.0551,6.47499,-10.93,69.5761,3.3367,-7.61617,86.0551,6.95286,-10.9269,69.5761,-6.81867,-13.1101,86.0551,-12.6668,-7.63512,86.0551,-7.13045,-15.6183,69.5761,-12.1781,-11.5713,101.016,-12.2599,-5.34875,101.016,10.2499,-2.25105,101.016,-0.31568,-15.9438,65.2957,-12.0458,-19.7948,69.5761,-7.49033,-11.3774,65.2957,3.23053,-9.46343,65.2957,-2.46941,-8.82487,69.5761,-2.93251,-22.7434,65.2957,-2.23208,-19.4372,65.2957,-6.61335,-19.0513,59.6168,-7.54732,-19.5235,65.2957,2.91071,-11.8604,59.6168,1.23524,-11.7683,59.6168,-7.0025,-11.5152,65.2957,-6.00269,-11.8604,59.6168,1.23524,-11.3774,65.2957,3.23053,-19.1282,59.6168,0.949894,-22.5174,59.6168,-3.63842,-12.119,51.4801,-0.620998,-10.1528,59.6168,-3.85016,-20.6026,51.4801,-0.938435,-23.7984,51.4801,-6.96251,-15.9766,59.6168,-12.3219,-20.5169,51.4801,-11.3111,-12.119,51.4801,-0.620998,-12.1774,51.4801,-10.705,-16.9522,22.0827,-11.4846,-16.1186,51.4801,-14.1927,-14.8092,22.5358,-1.27846,-14.8092,22.5358,-1.27846,-10.6176,51.4801,-7.19807,-20.1523,21.8925,-1.71961,-22.4929,21.3099,-6.98449,-23.5973,16.1916,-5.0981,-21.2964,16.1916,-8.97837,-20.0958,21.6442,-10.1475,-17.0847,16.1916,-12.5612,-13.8892,16.1932,1.12026,-14.6823,22.3992,-9.70728,-12.9469,16.1916,-5.34124,-13.3252,22.5885,-7.16456,-20.7418,11.2178,2.79526,-21.3757,16.2903,0.807333,-14.549,11.2178,-7.57011,-13.741,16.1916,-8.96109,-13.8892,16.1932,1.12026,-13.9201,11.2178,-3.37756,-22.8098,11.2178,-3.10526,-20.6873,11.2178,-7.67107,-21.579,6.62572,-6.05369,-22.2045,8.9594,-4.55531,-17.3257,6.62573,-13.4973,-17.1973,11.2178,-11.7398,-21.6007,6.62572,12.7777,-14.6708,11.2178,3.16221,-14.6708,11.2178,3.16221,-12.2656,6.62572,1.61906,-23.8792,6.62572,1.65029,-14.065,6.62572,-5.95984,-17.4739,3.06151,-13.1419,-13.9301,6.62572,13.441,-10.7045,3.06151,4.02685,-24.9572,3.06151,3.95843,-22.4937,0.365796,-2.657,-22.5212,3.06151,18.2287,-13.9301,6.62572,13.441,-17.3494,0.360018,-12.9111,-12.7531,0.360017,16.0375,-12.8114,3.06151,18.3,-12.8076,0.365796,-2.67785,-12.7531,0.360017,16.0375,-12.8114,3.06151,18.3,-22.4307,0.360017,15.3113,-13.9983,8.7389,-4.77153,-15.3299,174.164,12.0232,-18.3681,174.164,7.59558,-17.2545,166.565,-0.0305219,-8.65595,174.164,-7.44307,-16.1189,174.164,-5.16299,-10.0978,180.303,-7.89803,-9.05061,186.247,14.1094,-23.209,180.372,5.96913,-20.5084,174.164,-0.0672032,-23.209,179.831,-4.68242,-14.0091,184.54,10.8821,-8.71159,191.346,9.92981,-23.209,184.744,-7.07228,-10.8661,185.702,-9.75681,-11.3784,190.925,-8.29634,0,186.831,-11.35,-23.209,193.744,0.230062,-23.209,190.591,6.36744,-8.71159,196.73,3.68962,-23.209,184.95,7.4296,-4.26677,200.01,1.49644,-6.49032,201.236,4.30858,-11.3784,196.73,-5.3754,-11.3784,196.73,-5.3754,-23.209,190.453,-5.34627,-3.69293,200.01,-4.58491,-5.70987,200.01,-2.49839,-3.86262,204.274,-4.2554,-3.69293,200.01,-4.58491,-2.71175,205.363,0.782363,2.96229e-09,200.01,-6.87233,-4.54224,205.506,-2.58962,-13.0351,214.848,2.78882,-11.5929,210.184,-7.08044,-10.9792,210.157,4.1315,-13.0351,214.848,2.78882,-10.9792,210.157,4.1315,-3.61552,214.848,9.69484,-5.61855,206.318,-7.2455,-8.23444,206.68,-3.8064,-4.97656,205.201,5.64378,-9.24234,210.157,-14.2862,-5.61855,206.318,-7.2455,-4.97656,205.201,5.64378,-8.50897,214.848,-22.2067,-14.3084,214.38,-9.33812,-9.24234,210.157,-14.2862,-3.86262,204.274,-4.2554,-15.3487,222.405,1.07754,-9.03099,222.405,-27.321,-19.3604,222.405,-13.6391,-8.50897,214.848,-22.2067,-16.3138,230.149,0.427228,-9.03099,230.149,-29.5581,-20.4632,230.149,-16.1103,-9.03099,222.405,-27.321,-19.8888,237.377,-16.1103,-9.03099,237.377,-29.5581,-9.03099,230.149,-29.5581,-16.3138,237.377,-0.492469,-16.8882,244.89,-15.772,2.80389e-07,238.235,-32.6092,-9.03099,237.377,-29.5581,-9.42721,251,-13.3159,-22.7139,250.98,-12.0105,-8.22224,244.89,-25.5029,-6.37802,251.286,-32.8064,-18.5885,250.906,-24.2647,-7.56045,251,-3.73596,-8.07175,257.304,-10.7996,-6.01392,251,-19.2287,1.68259e-07,253.621,-9.51597,-2.69082,257.153,-20.3752,-6.45979,256.038,-16.7646,-7.07576,222.405,8.87282,-7.5349,230.149,8.94656,1.68259e-07,230.149,10.0293,-7.5349,237.377,8.30119,-6.4934,244.89,5.43411,-7.5349,237.377,8.30119,-0.44039,259.6,19.7206,-14.1248,244.89,-2.42102,-12.6258,252.116,4.04206,-16.9614,248.006,8.02078,-16.3138,230.149,0.427228,-16.3138,237.377,-0.492469,-15.3487,222.405,1.07754,-16.3138,230.149,0.427228,-53.2026,190.445,0.286946,-53.2026,182.089,4.52192,-53.2026,184.509,-5.25213,-53.2026,188.194,-4.18212,-23.209,178.179,-0.00634907,-53.2026,181.514,-3.2457,-58.2288,190.538,0.268071,-62.256,188.168,-3.5866,-62.312,190.016,0.393289,-58.2288,188.456,-3.81998,-62.4009,188.162,4.58468,-58.2288,184.977,5.5461,-58.2288,188.544,4.76742,-62.3978,184.962,5.27794,-91.6869,185.516,-2.59578,-62.256,188.168,-3.5866,-62.3166,184.838,-4.79377,-91.6869,183.03,0.214942,-62.3664,182.098,-3.07294,-62.394,181.189,0.10719,-62.3952,182.396,4.16816,-62.3978,184.962,5.27794,-58.2288,182.081,4.47542,-91.6869,183.655,-1.64513,-58.2288,180.694,0.0947564,-96.0843,182.912,-2.7006,-91.6869,183.86,2.5919,-96.0843,182.73,0.091056,-91.6869,187.679,-1.9092,-96.0843,190.053,0.232196,-91.6869,188.925,0.308983,-91.6869,187.731,2.75034,-96.0843,185.54,4.53038,-91.6869,185.594,3.17285,-96.0843,188.364,-3.09692,-96.0843,183.19,3.65847,-98.6858,184.335,-2.7006,-98.8012,184.323,0.091056,-104.634,187.998,-3.45449,-96.0843,185.434,-4.12737,-104.634,188.895,3.44419,-104.634,188.029,3.9894,-99.2978,186.081,4.53038,-104.634,189.306,-0.121829,-104.634,189.379,0.293844,-100.627,185.398,-2.22776,-100.292,183.712,5.68807,-101.796,183.826,7.84073,-100.116,185.399,5.6858,-104.634,189.078,2.25352,-104.634,189.005,2.72792,-96.0843,188.435,3.89626,-18.9018,215.567,-16.0104,-22.0342,222.3,-17.6321,-108.781,188.86,2.61706,-111.11,188.539,3.11737,-108.781,188.768,3.29957,-109.49,188.492,-2.26342,-109.49,187.662,-2.03016,-109.49,188.545,-1.86254,-108.781,187.227,0.744833,-112.928,188.765,0.866204,-108.781,189.112,0.752262,-104.634,187.218,2.25067,-107.729,187.386,-2.10407,-109.49,188.046,-2.86989,-107.729,188.017,-3.27252,-104.634,186.99,0.172492,-107.729,187.365,-1.87396,-104.634,187.163,-1.47203,-104.634,188.978,-1.98289,-104.634,187.218,-1.98617,-104.634,187.326,3.23974,-100.476,185.524,3.23974,-111.11,187.683,2.96744,-111.11,188.599,2.59211,-112.928,187.548,0.860542,-112.928,188.642,1.94299,-111.713,187.503,-0.173189,-111.713,188.651,-1.19749,-111.713,187.584,-1.19529,-111.11,188.067,3.51719,-108.781,187.455,3.10475,-108.781,188.043,3.81908,-108.842,187.201,-0.0928602,-108.842,187.321,-1.38365,-108.781,187.408,2.61901,-107.729,188.836,-1.87084,-112.928,187.636,1.94093,-108.781,187.364,2.1623,-111.713,188.785,-0.177282,-108.842,189.109,-0.0980284,-107.729,188.749,-2.42864,-108.781,188.921,2.16501,-108.842,188.909,-1.38643,-104.634,189.306,0.770884,-104.634,187.054,0.763087,-104.634,189.067,-1.47495,-104.634,187.02,-0.116401,-104.634,188.874,-2.56852,-104.634,187.243,-2.22776,-104.634,187.27,2.72997,-100.63,183.599,7.86506,-101.807,183.036,7.84652,-100.63,182.615,7.85903,-98.1024,182.946,5.67117,-98.0924,184.987,5.66891,-98.9395,184.195,3.65847,-100.833,185.446,0.172492,7.47393,132.192,-10.4651,18.5175,132.192,-0.028629,1.57168,132.527,19.3235,2.47853,132.192,18.6268,5.34764,101.016,10.2499,12.8114,3.06151,18.3,22.471,0.360018,-4.14682,10.0987,0.360018,5.81536,3.76863,200.01,-4.58491,18.0872,250.514,-11.5359,5.67881,247.934,-32.7803,15.7332,254.794,-25.8647,1.68259e-07,244.89,8.13422,-0.44039,259.6,19.7206,8.49511,254.671,4.49621,58.2288,190.538,0.268071,62.5325,188.168,-3.58646,62.4329,190.046,0.345665,62.383,188.175,4.60074,58.2288,184.977,5.5461,62.383,184.965,5.30127,58.2288,188.544,4.76742,62.383,184.965,5.30127,62.383,182.388,4.19468,58.2288,182.081,4.47542,-3.6533,134.348,18.7548,-3.44398,134.348,-10.4963,-4.95873,132.192,18.5818,-22.471,0.360018,-4.14682,-12.7198,0.360018,-4.09017,-10.0987,0.360018,5.81536,-25.7326,0.360018,5.81637,-14.1248,244.89,-2.42102,-8.22224,244.89,-25.5029,-17.9309,253.578,-7.01644,-6.31028,253.69,-27.7847,-12.3336,254.273,-23.1054,-3.48349,256.019,-4.46758,-7.5349,237.377,8.30119,1.68259e-07,237.377,9.48739,-0.44039,259.6,19.7206,-8.42181,254.529,4.39319,-53.2026,190.445,0.286946,-53.2026,184.979,5.85409,-53.2026,182.089,4.52192,-53.2026,180.545,0.0787453,-53.2026,188.288,5.09895,-109.49,187.649,-1.86478,-111.11,187.653,2.59361,-5.77734,203.544,1.49644,-5.70987,203.599,-3.45813,5.48891,203.544,1.49644,5.78557,203.599,-3.45813,2.96229e-09,203.599,-7.83208,-3.69293,203.599,-5.54465,3.76863,203.599,-5.54465,0.00540748,200.285,-7.34836,-4.99914,200.152,-5.50023,-7.73245,200.116,-2.67287,-7.82387,198.387,2.60943,5.11254,200.152,-5.50023,8.80091,194.809,7.90254,7.86444,198.327,2.60943,7.84585,200.116,-2.67287,-8.79009,194.809,7.90254,86.6857,185.436,3.96222,86.6857,188.325,3.4211,-85.9454,185.248,-3.51075,-85.9454,188.237,-2.61172,86.6857,189.939,0.294348,-85.9454,185.356,4.0429,-85.9454,182.959,3.28218,86.6857,188.254,-2.54657,86.6857,181.969,0.173905,86.6857,183.092,3.21817,-85.9454,188.309,3.48965,86.6857,182.815,-2.20837,-85.9454,189.96,0.292852,86.6857,185.331,-3.42591,-85.9454,181.811,0.169711,-85.9454,182.676,-2.26593,-58.2288,184.846,-5.08533,-58.2288,181.739,-3.33331,10.2804,241.886,10.4221,10.2804,241.886,10.4221,8.82907,221.56,9.86497,15.9265,242.647,4.19171,7.90226,257.64,-10.4061,7.56045,251,-3.73596,6.96984,255.65,-15.7346,6.01392,251,-19.2287,-6.01392,251,-19.2287,-2.69082,257.153,-20.3752,-8.07175,257.304,-10.7996,-7.56045,251,-3.73596,-3.48349,256.019,-4.46758,-3.48349,256.019,-4.46758,3.5167,256.219,-4.42019,3.5167,256.219,-4.42019,-6.31028,253.69,-27.7847,15.7332,254.794,-25.8647,-17.9309,253.578,-7.01644,-12.6258,252.116,4.04206,-12.6258,252.116,4.04206,-8.42181,254.529,4.39319,-8.42181,254.529,4.39319,-0.44039,259.6,19.7206,-0.44039,259.6,19.7206,8.49511,254.671,4.49621,8.49511,254.671,4.49621,16.6119,252.472,2.80862,16.6119,252.472,2.80862,-16.9614,248.006,8.02078,-16.9614,248.006,8.02078,-0.44039,259.6,19.7206,1.68259e-07,237.377,9.48739,-0.44039,259.6,19.7206,7.5349,237.377,8.30119,-0.44039,259.6,19.7206,6.4934,244.89,5.43411,14.1248,244.89,-2.42102,15.9265,242.647,4.19171,16.3138,237.377,-0.492469,10.2804,241.886,10.4221,6.4934,244.89,5.43411,7.5349,237.377,8.30119,-0.000554591,133.894,19.4468,-2.31712,133.894,19.4047,2.31601,133.894,19.4047,-14.9985,222.107,-12.9148,-11.8661,214.818,-9.69129,16.729,222.218,-13.0708,14.4872,214.981,-9.76521]},"normal":{"type":"float32","components":3,"data":[0.445112,0.0458082,0.894284,0,0.0288399,0.999573,0,0.0971404,0.995239,0.386731,0.0795922,0.918729,0,0.47029,0.882473,0.0858486,0.0177617,0.996124,0.327372,0.00973536,0.944823,0,-0.100894,0.994873,0.2884,-0.30369,0.908048,0.289376,-0.134648,0.947691,0,-0.201025,0.979583,0.131687,-0.512894,0.848262,0.503952,-0.277566,0.817896,0.845454,0.158849,0.509842,0.643849,-0.0217292,0.764794,0.715293,0.0976592,0.691946,0.889431,0.0903653,0.448012,0.771325,0.0956145,0.6292,0.861599,-0.0991852,0.497787,0.769555,-0.0168157,0.638325,0.967925,0.156133,-0.196692,0.958373,0.224189,-0.176702,0.877804,0.184149,0.442152,0.963286,0.132084,-0.233619,0.950926,-0.0773339,-0.29957,0.519974,0.0177618,-0.853969,0.516587,0.108493,-0.8493,0.964171,0.190436,-0.184606,0.493179,0.271432,-0.826472,0.302499,0.191656,-0.933653,0.161901,0.041139,-0.985931,0.406873,-0.00521863,-0.91345,0.228675,-0.150731,-0.96173,0.487686,-0.191961,-0.851619,0.870235,-0.206824,0.447066,0.919828,-0.242653,-0.308176,0.688986,-0.164983,0.70571,0,0.0686361,0.99762,0,0.170537,-0.985321,0,0.0286874,-0.999573,0,-0.143834,-0.989593,-0.00137333,-0.135044,-0.990814,0.00061037,0.07416,-0.997223,0,0.231636,-0.972777,0.157842,0.375164,-0.913388,0.134129,0.268349,-0.953917,0,0.334849,-0.942259,0.773339,0.24839,-0.58327,0.520341,0.262001,-0.812738,0.925871,0.258705,0.275307,0.851924,0.231361,0.469741,0.785394,0.1536,0.599597,0.693106,0.0624408,0.718101,0.0178838,-0.0688498,0.997436,0.319163,-0.0571002,0.945952,0,0.170537,-0.985321,0.55562,-0.00952181,0.831355,0.344584,-0.0206306,0.938505,0.131687,-0.512894,0.848262,0.757134,0.00854515,0.653157,0.640553,-0.0427259,0.766686,0.985076,0.0871914,-0.148198,0.647084,0.0585345,-0.760155,0.0648213,-0.0765099,-0.994934,0,0.206336,-0.978454,-0.134129,0.268349,-0.953917,-0.000152593,-0.595782,-0.803125,0,-0.712516,0.70162,-0.669729,-0.728019,-0.146275,0.999329,0.00909452,-0.0351573,0.719108,0.079043,-0.690359,0,-0.986297,-0.164831,-0.000152593,-0.595782,-0.803125,-0.530045,-0.46501,-0.709067,0.527024,-0.151708,0.836177,-0.0512406,0.134068,-0.989624,-0.561907,-0.260994,0.784906,-0.777429,-0.0520645,-0.626789,0.755058,0.0722984,-0.651631,0.995544,-0.0596637,-0.0727866,0.788659,-0.0337534,-0.613849,-0.978149,-0.194983,-0.0718711,-0.563066,-0.184423,0.805536,-0.564928,-0.269387,0.7799,0.998505,0.0444655,-0.0312509,0.535325,-0.0862148,0.840205,0.516434,-0.123051,0.847407,-0.563066,-0.184423,0.805536,-0.0164495,-0.0120242,-0.999786,-0.810755,-0.174566,-0.558733,-0.814264,-0.124882,-0.566851,0.0119633,-0.0343333,-0.999329,-0.564928,-0.269387,0.7799,-0.982269,-0.166021,-0.0867947,0.0441908,-0.0392773,-0.99823,-0.529649,-0.193335,0.825861,0.472884,-0.18247,0.861995,-0.841243,-0.0816675,-0.53441,-0.989319,-0.133946,-0.0570696,-0.529649,-0.193335,0.825861,0.992096,-0.122532,0.0263069,0.810846,-0.0597857,-0.582141,0.782708,0.209479,-0.586016,0.0166936,0.2472,-0.96881,-0.559313,-0.265175,0.785363,0.451918,-0.221595,0.864071,-0.844752,0.111393,-0.523392,-0.559313,-0.265175,0.785363,0.997131,0.0736717,-0.0172124,-0.995972,-0.0465712,-0.0762658,-0.619312,-0.1601,0.768609,0.55324,-0.0868862,0.828455,0.984985,0.10538,-0.13654,0.692923,0.139927,-0.707266,-0.0705283,0.0630513,-0.995483,-0.619312,-0.1601,0.768609,-0.803095,0.0445876,-0.594134,-0.123386,-0.0284432,-0.991943,-0.558519,0.099887,0.82345,0.571001,0.215491,0.792138,-0.752159,-0.0412,-0.657674,-0.990143,-0.0298776,-0.136631,-0.558519,0.099887,0.82345,0.979553,0.0433973,-0.196417,0.613666,-0.0227668,-0.789209,0.996765,0.0196844,-0.0776696,0.737754,-0.135624,-0.661275,-0.0588397,-0.0954619,-0.993683,-0.705527,0.240883,0.666463,0.526383,0.376781,0.762169,-0.794641,-0.221747,-0.565081,-0.990905,-0.12537,-0.0484939,-0.705527,0.240883,0.666463,0.564257,0.610218,0.556047,-0.909818,-0.163823,-0.381268,-0.997375,-0.0694906,-0.0187384,-0.594867,0.657552,0.462264,0.997528,0.0116276,-0.0690024,0.835414,-0.0705283,-0.54503,-0.0831629,0.188025,-0.978607,0.93466,-0.0227363,-0.354717,-0.0585955,0.0481888,-0.997101,-0.594867,0.657552,0.462264,0.50795,0.776574,0.372662,-0.949492,0.0138859,-0.313456,-0.95053,0.302347,-0.0708029,-0.476302,0.790094,0.385785,0.96231,0.269234,-0.037904,-0.012299,-0.109012,-0.993957,-0.696554,-0.676229,-0.239784,-0.964507,0.248817,-0.0882595,-0.544572,0.122105,0.829768,0.973235,0.21482,-0.0814844,0.65804,-0.707144,-0.258583,0.912259,-0.0425733,-0.407331,-0.476302,0.790094,0.385785,0.554491,0.0833765,0.827967,-0.0433668,-0.579424,-0.813837,-0.551408,-0.73809,0.388714,0.532579,-0.778436,0.332163,-0.981719,-0.00445569,-0.190222,-0.551408,-0.73809,0.388714,0.859401,-0.503647,0.0879848,-0.979003,0.0755028,-0.189215,-0.984924,-0.0142521,-0.172308,-0.974883,-0.195196,-0.10715,0.670705,-0.0562762,0.739555,0.368297,0.0935392,0.924955,0,0.0920438,0.995727,0.838221,-0.388318,0.382824,0,-0.233344,-0.972381,0.224372,-0.198279,-0.9541,0.442152,-0.330332,-0.833857,-0.368297,0.0935392,0.924955,0.220191,-0.252266,-0.942259,0.271615,-0.630146,-0.727378,0.306589,0.434736,0.846736,0,-0.216956,-0.976165,0.831202,-0.536149,-0.147008,0.439009,-0.525895,0.728446,0.465316,0.227943,0.855251,0.548387,-0.836177,0.00708026,0,0.441359,0.897305,0,0.666799,0.745232,0.150945,0.654591,0.740715,0.149571,-0.0862147,-0.984954,0.199683,-0.0448927,-0.97882,0.21955,0.344279,-0.912809,0.213843,0.581134,-0.78518,0,0.322306,-0.946623,0.242744,0.970061,-0.00097655,0.253059,0.838527,0.482467,0.199377,0.598407,0.775964,-0.000579852,0.467605,-0.883908,0.333415,0.790216,-0.514115,0.214118,-0.0593585,0.974975,0.284036,0.858455,0.427015,-0.0104068,0.735496,0.677419,0.333415,0.790216,-0.514115,0,0.428388,0.903592,0.233192,0.767357,-0.597278,0.337504,0.941313,0.00183115,0.767266,-0.324046,-0.553392,0.777093,-0.629322,0.00436412,0.577502,-0.682821,0.447401,0,-0.852535,0.522629,-0.00158696,-0.277383,-0.960723,0.767266,-0.324046,-0.553392,0.745781,-0.660573,-0.0860317,0.856014,-0.237251,0.459273,0.750023,-0.434828,0.498367,0.856014,-0.237251,0.459273,0.468215,-0.201697,0.860256,0.750023,-0.4348